,client,title,pos_review,neg_review,nationality,score,travel_type,room_type,date_review
0,Sandra,Excepcional,Restaurante cena,,España,10,En pareja,Habitación Familiar Deluxe,27/04/2023
1,Augustbou,Muy bien,"Ubicación, aparcamiento, amabilidad del personal.
Desayuno correcto.","No es un hotel con magníficas instalaciones, es limpio y acogedor",España,"8,0",En pareja,Habitación Doble Deluxe,26/04/2023
2,Jeep,Muy bien,Tamaño de habitacion,Wi-fi colapsada,España,"8,0",En pareja,Habitación Doble Deluxe,24/04/2023
3,Carles,Fantástico,Todo,A la ducha de nuestra habitación le faltaba presión,España,"9,0",En familia,Habitación Cuádruple Deluxe,23/04/2023
4,Miguel,Excepcional,Nos gustó todo en general fabuloso,Ok,España,10,En familia,Habitación Cuádruple Deluxe,22/04/2023
5,Sara,Muy bien,Ubicación,Nada,España,"8,0",En grupo,Habitación Cuádruple Estándar,22/04/2023
6,Miguel,Muy bien,En el centro y parking,Hacía mucho calor y no pudimos bajar la calefacción,España,"8,0",En familia,Habitación Cuádruple Estándar,11/04/2023
7,Jose,RELAX,"BUENOS DIAS ,TENER APARCAMIENTO EN EL HOTEL","NO ES QUE NO ME GUSTARA ,PERO ESPERABA MAS DEL DESAYUNO PORQUE SON 12,50 EUROS POR PERSONA Y UNA FAMILIA 4 PERSONAS 50 EUROS LO VEO EXCESIVO PARA LA VARIEDAD, Y 4 DIAS 200 EUROS DESAYUNAR . UFFF",España,"8,0",En familia,Habitación Cuádruple Estándar,11/04/2023
8,Carla,Para repetir,El trato del personal fue muy agradable y la habitación muy bonita y limpia.,Nada malo.,España,10,En pareja,Habitación Doble - 1 o 2 camas,11/04/2023
9,Alicia,Un gran hotel,"El hotel está muy ubicado. Es elegante y moderno, la habitación muy grande y cómoda. El personal muy amable.","Nada, todo es genial",España,10,En pareja,Habitación Doble - 1 o 2 camas,10/04/2023
10,Conchi,fantastica,"Nos encanto que la habitación cuádruple estuviese en dos espacios independientes con su propia televisión y baño, las camas muy cómodas y la media pensión de lujo,además muy cerca de la zona comercial.","por decir algo el tema de los baños está un poco dejado, limpio pero necesitaría un poco de reforma , por el resto genial",España,"9,0",En familia,Habitación Cuádruple Estándar,10/04/2023
11,Meritxell,Bien. Muy buena ubicación,La habitación,Pocas zonas comunes,España,"8,0",En familia,Habitación Cuádruple Deluxe,10/04/2023
12,Rodrigo,Muy bien todo en general,"Ubicación
Desayuno
Limpieza
Habitación",,España,"9,0",En pareja,Habitación Triple,10/04/2023
13,Merce,Finde increíble en familia,"La ubicación,  el tamaño de la habitación y como estaba distribuida",,España,10,En familia,Habitación Cuádruple Estándar,10/04/2023
14,Esther,Excepcional,"Encantada, volveré, las cenas maravillosas y el personal muy agradable.",,España,10,En familia,Habitación Cuádruple Estándar,9/04/2023
15,Emilio,hotel cerca de la calle principal de Andorra ideal para familia con hijos.,La habitación es amplia con dos zonas para dormir separadas y dos baños.,El desayuno,España,"8,0",En familia,Habitación Triple,9/04/2023
16,Quecisa,Gran hotel para familias en Andorra,"La habitación era muy amplia y confortable.
Mención especial para el restaurante, teníamos media pensión y tanto el desayuno como la cena fueron formidables. Además su personal se desvive por ayudar.",Todo ok,España,10,En familia,Habitación Cuádruple Deluxe,8/04/2023
17,Ignasi,Excepcional,"El servicio del hotel inmegorable
Buena ubicacion cerca del centro
Habitacion grande y cama muy comoda",,España,10,En pareja,Habitación Doble - 1 o 2 camas,7/04/2023
18,Rose,Hotel muy confortable,"La habitación amplia, cama cómoda, desayuno muy bueno y personal muy amable.",,España,10,En pareja,Habitación Doble - 1 o 2 camas,7/04/2023
19,Imma,Fantástico,"Es muy espacioso y está genial disponer de dos habitaciones y dos baños, así aunque compartas con los niños tienes cierta independencia.
Buen desayuno y servicio muy agradable.
Tocando a la zona comercial.
Parking bastante ancho y fácil de acceder.",Antes de hacer el check out quisimos volver a la habitación y como vieron que no había maletas la habían lavado y no pudimos entrar,España,"9,0",En familia,Habitación Cuádruple Estándar,6/04/2023
20,Paula,Agradable,Lo cerca que estaba del parking,La tarjeta para abrir la puerta no funcionaba bien,España,"8,0",En pareja,Habitación Doble Deluxe,6/04/2023
21,Laura,correcto,el desayuno. muy bueno y completo,detalles descuidados de la habitación,España,"8,0",En pareja,Habitación Doble - 1 o 2 camas,3/04/2023
22,Eduardo,nuena,en general todo,Parking coste elevado,España,"9,0",En pareja,Habitación Doble - 1 o 2 camas,29/03/2023
23,David,Estancia inmejorable,"La ubicación del hotel es excelente en pleno centro de escaldes. El precio de los más bajos para un 4 estrellas por esa zona. Pero lo que realmente marca la diferencia es el servicio de restauración que ofrecen, no sólo no es un buffet como la mayoría, sino que la media pensión es a la carta y ofrecen una carta muy variada, con productos de mucha calidad y una cocina excelente. El servicio también es excepcional. La verdad fue una sorpresa contratar una media pensión y encontrarnos ese nivel de servicio, se agradece no tener que pasarte toda la cena levantándote a por la comida. Se ha convertido en nuestro hotel en Andorra para futuros viajes.",,España,10,En familia,Habitación Cuádruple Estándar,27/03/2023
24,Anna,Relajante,"Es espectacular la amplitud de la habitación, con dos baños y dos estancias diferentes. La ubicación excelente, muy céntrico, el desayuno muy completo y el personal muy eficiente, hicieron un juego de magia a mi hijo pequeño que le encantó.",,España,10,En familia,Habitación Cuádruple Deluxe,27/03/2023
25,Laia,Excepcional,El servicio con booking,,España,10,En pareja,Habitación Familiar,27/03/2023
26,Ana,Excelente,"El alto nivel del CHEF y servicio de restaurant fue lo que más nos gustó, la amabilidad del equipo de recepción excelente, siempre atentos con gran profesionalidad y amabilidad , por supuesto volveremos a dormir en esas amplias y cómodas camas, frescor y buen olor en sábanas y todos sus complementos ...",No hubo nada que alterara nuestra estancia.,España,10,En familia,Habitación Cuádruple Estándar,25/03/2023
27,Nuria,Escapada familiar,"Fantástica ubicación, dispone de parking, habitaciones amplias",Hacía calor en la habitación,España,10,En familia,Habitación Familiar,24/03/2023
28,Estefania,¡Estancia estupenda!,"El staff fue muy amable y permitieron a mis padres realizar el check-in antes de la hora pactada sin ningún coste adicional. No es la primera vez que reservamos en este alojamiento y, como es usual, la estancia ha sido agradable y correcta para un fin de semana en Andorra. La ubicación es muy buena, el parking no muy espacioso (aunque suelen ser pequeños y estrechos en general) y recibieron una habitación tranquila. La cama muy cómoda y la habitación de un buen tamaño.",,España,10,En pareja,Habitación Doble - 1 o 2 camas,24/03/2023
29,Jaime,Muy bien,"localización, tamaño de las habitaciones y restaurante",.,España,"8,0",En familia,Habitación Cuádruple Estándar,23/03/2023
30,Raul,Muy bien,La ubicación perfecta en el centro de Escaldes. Habitación es grande los niños lo pasaron genial,"Los acabados, se ve mucho desgaste, suelo laminado por ejemplo. La iluminación de los baños para verte en el espejo muy mal, para afeitarse o maquillarse.
Los focos te quedan por detrás.",España,"8,0",En familia,Habitación Cuádruple Estándar,22/03/2023
31,Nuria,Escapada en familia,Ubicación muy buena y dispone de parking. El personal muy amable,Por poner algo hacía calor en la habitación,España,10,En grupo,Habitación Familiar,22/03/2023
32,Isabel,Excepcional,El espacio. La ubicación i la comida,"El parquing caro i lleno
Lentos a la hora de servir la comida entre plato i plato",España,10,En pareja,Habitación Cuádruple Deluxe,19/03/2023
33,David,muy bien,"conexión wifi , no funciona correctamente",,España,"8,0",En familia,Habitación Familiar Deluxe,18/03/2023
34,Juan,Muy bien,"Ubicación, tamaño habitación, ...","Pedí parking en una reserva con 2 meses de antelación, y me dijeron que no había",España,"8,0",En familia,Habitación Cuádruple Estándar,14/03/2023
35,Nuria,Muy bien,"cama, habitación, limpieza, ubicación",desayuno,España,"8,0",En familia,Habitación Triple,14/03/2023
36,Carlos,Excepcional,La ubicación y las habitaciones. Todo muy nuevo.,Demasiado calor en las habitaciones.,España,10,En familia,Habitación Cuádruple Deluxe,12/03/2023
37,Josep,Muy buena experiencia en el centro de Escaldes,"La habitación, era enorme y con todos los servicios más modernos . Buen desayuno y atención del personal. 
Repetiremos",nada,España,"9,0",En pareja,Habitación Doble - 1 o 2 camas,10/03/2023
38,Carlos,Excepcional,"Restaurante, personal , habitación",,España,10,En familia,Habitación Cuádruple Deluxe,8/03/2023
39,Alekseev,Excepcional,"ubicación, amplitud de las habitaciones!",,España,10,En familia,Habitación Triple,7/03/2023
40,Trini,Fantástico,Una habitación  muy amplia y cómoda y muy buena ubicación,"La habitación necesita alguna reforma, el Parquet y el mobiliario  muy estropeado",España,"9,0",En grupo,Habitación Cuádruple Estándar,6/03/2023
41,Miguel,Hotel correcto por calidad-precio en Andorra.,"En mi caso tuve una habitación enorme y muy tranquila. El desayuno era muy bueno,  aunque no tenía mucha variedad la parte de la bollería y el pan recién hecho eran increibles. El restaurante del hotel también era de buena calidad con buena relación calidad-precio.
En mi caso no tuve problemas con el parking que había leido previamente otras críticas. Aunque considero que 20€ cada día es caro , pero todos los hoteles de Andorra tienen ese precio",Es un hotel catalogado como de 4 estrellas y quizás es un poco justo para 4 estrellas. Es un hotel antiguo parcialmente renovado. Criticaría el precio porque es muy caro para un hotel de su categoría pero la verdad es que comparando con el resto de hoteles de Andorra y la calidad-precio pués la verdad es que está bien. Criticaría los precios de todos los hoteles en general de Europa y gran parte del mundo que en el último año han subido de una manera desorbitada.,España,"8,0",Persona que viaja sola,Habitación Individual,6/03/2023
42,Marta,Excepcional,"En general todo,estaba limpio que para mi la limpieza  es importante y la cena muy buena y el desayuno perfecto mucha variedad",Yo busque un hotel céntrico para no tener que coger el coche para pasear por la calle centrica e ir a caldea y cuando llegamos al hotel nos dicen que el parking esta lleno tardemos 40 min en encontrar parking un sabado alas 19:00,España,10,En grupo,Habitación Cuádruple Deluxe,6/03/2023
43,Jose,Fantástico,Todo. Las instalaciones están muy bien y la cena excelente. El desayuno también muy bien.,,España,"9,0",En pareja,Habitación Doble - 1 o 2 camas,5/03/2023
44,Antonio,Excepcional,Todo en general,,España,10,En pareja,Habitación Doble - 1 o 2 camas,2/03/2023
45,Jose,Fantástico,"el trato del personal del restaurante, fue excelente. A destacar el encargado Sr. Joao. 
Aunque todo el equipo es muy atento y profesional.","lamentablemente, nos tocó una habitación que estaba pendiente de renovar, teniendo en cuenta que nos dijeron que la mayoría estaban acabadas de serlo. No obstante, si era muy cómoda, espaciosa y estaba muy limpia.",España,"9,0",En familia,Habitación Cuádruple Estándar,1/03/2023
46,Vicente,Fantástico,El hotel en general muy bien. El personal del restaurante es extraordinario (TODOS). La carta del restaurante está muy conseguida. Muchas gracias a todo el personal por su atención. Para repetir sin duda.,,España,"9,0",En familia,Habitación Familiar,28/02/2023
47,Sorin,Excepcional,Personal,Las camas,España,10,En pareja,Habitación Cuádruple Estándar,27/02/2023
48,Acedo,Muy bien,"La amplitud de la habitación, la ubicación",La limpieza en algunas camas,España,"8,0",En grupo,Habitación Doble Deluxe,26/02/2023
49,Bill,Buena experiencia. Recomendable.,"La habitacion. Son grandes y comodas.
Si restaurante y el trato de Joao.","Quizá y como critica constructiva, le falta una especie de zona tipo bar mas ambientada, donde te puedas tomar algo con musica y algo de entretenimiento. Pero tiene un salon habilitado para sentarse, con mesas y una television.",España,10,En familia,Habitación Triple,26/02/2023
50,Lidia,Fantástico,"Ubicación muy buena. El desayuno muy bueno,.La cena ala carta buenisima",,España,"9,0",En familia,Habitación Triple,25/02/2023
51,Rosa,Buena elección para pasar unos días en Andorra La Vella,"Ubicación. 
Habitación familiar grande, espaciosa y con dos baños.",Pequeños detalles de mejora en mantenimiento y renovación de mobiliario.,España,"8,0",En grupo,Habitación Cuádruple Estándar,24/02/2023
52,Berta,Muy bien,Pasamos demasiado calor por las noches,,España,"8,0",En familia,Habitación Cuádruple Estándar,23/02/2023
53,Luis,Todo perfecto,"Excelente hotel. 
Lástima no sea algo más económico.",Precio,España,10,En pareja,Habitación Doble Deluxe,23/02/2023
54,Jordi,Sin duda repetiré,"Instalaciones amplias, limpias y con ambiente muy agradable. El personal muy amable.",Todo Bien.,España,"9,0",Persona que viaja sola,Habitación Doble - 1 o 2 camas,23/02/2023
55,Eduardo,Fantástico,"El trato familiar, la ubicación y el servicio en el comedor. Todo facilidades",Me gustó todo,España,"9,0",En familia,Habitación Cuádruple Deluxe,22/02/2023
56,Albert,Se podria mejorar distribucion habitacion,Zona donde estaba ubicado,Hubiese estdo bien que las 2 camas hubiesen sido de matrimonio y no una litera y una de matrimonio,España,"9,0",En grupo,Habitación Cuádruple Estándar,22/02/2023
57,Alvaro_lopez,Muy bien,"Habitación cuádruple muy grande, con doble baño. Ideal para familias.",El parking es muy pequeño y problemático para coches grandes.,España,"8,0",En grupo,Habitación Cuádruple Estándar,20/02/2023
58,Jose,Buen hotel,El tamaño de la habitación,Todo bien,España,"9,0",En pareja,Habitación Doble - 1 o 2 camas,20/02/2023
59,Jose,Volveremos,Personal del restaurante extremadamente educado y simpático. No es la primera vez que vamos ni será la última.,"creo que el parking debería de tener la posibilidad de reservarse a la vez que la habitación, te puedes encontrar con que llegas al hotel y no hay sitio, como nos pasó, una pena !",España,10,En familia,Habitación Triple,19/02/2023
60,Ursula,Perfecto,"La ubicación, comodidad, todo limpio, y habitaciones renovadas.",Nada,España,10,En grupo,Habitación Familiar,19/02/2023
61,Lidia,Excepcional,todo,,España,10,En pareja,Habitación Doble - 1 o 2 camas,16/02/2023
62,Analia,Excelente estadia!,"Habitación muy comoda y limpia.
Excelente atención del personal de comedor, en especial Muriel.
El regimen de media pension, muy bueno, la comida exquisita.",Podrían mejorar el check in es un poco lento.,Argentina,"9,0",En familia,Habitación Familiar Deluxe,15/02/2023
63,Maryana,Excepcional,"El desayuno muy bueno, todo fresco. Los camareros muy amables y atentos!
La habitación muy acogedora.
La luz de la habitación mencanto, cuando te despiertas y pones la luz no te deslbra. Esta muy bien pensada la instalacion.","Las camas un poco incomodas y duras.
El parking enano, para entrar con mucho cuidado y dar la vuelta al coche hay que hacer milagros. Muy estrechos los pasillos.",España,10,En familia,Habitación Cuádruple Deluxe,14/02/2023
64,Paulo,excelente,todo en general,nada que decir…,España,10,En pareja,Habitación Doble - 1 o 2 camas,13/02/2023
65,María,"Sin ninguna duda, repetiré.",La amplitud de la estancia y el buen trato de los trabajadores.,,España,10,En pareja,Habitación Doble Deluxe,12/02/2023
66,Diana,100% recomendable,"todo perfecto, ubicación, desayuno, atención, todo 👌",,España,10,En grupo,Habitación Familiar Deluxe,9/02/2023
67,Angel,Muy bien,"la habitación es muy grande, la cama principal tambien","no me guardaron parquing ninguno de los dos días y lo pedí.
la cisterna hacía ruido constante.",España,"8,0",En familia,Habitación Cuádruple Estándar,9/02/2023
68,Tamara,Fantástico,Habitación muy amplia y cómoda.,,España,"9,0",En pareja,Habitación Doble - 1 o 2 camas,7/02/2023
69,Cristina,Fantástico,Desayuno buenisimo,,España,"9,0",En familia,Habitación Cuádruple Deluxe,6/02/2023
70,Mark,Muy bien,La habitación es enorme,"Parking pequeño y pocas plazas, tenemos un Nissan QQ",España,"8,0",En pareja,Habitación Doble Deluxe,6/02/2023
71,Neus,Muy buen alojamiento,"Habitación grande y bonita 
Todo muy limpio
Buena ubicación","Todo correcto
No hay nada que no me gustara
Volveremos sin duda",España,10,En familia,Habitación Cuádruple Estándar,5/02/2023
72,Anna,Buen hotel,"La ubicación, la limpieza, la habitacion àmplia y la ducha.","Cada dia teniamos que hacer las camas de las literas, poner el nordico.
El desayuno flojo y los zumos són inbebibles.",España,"8,0",En grupo,Habitación Cuádruple Deluxe,5/02/2023
73,Oriol,Muy bien,Ubicacion,,España,"8,0",En pareja,Habitación Doble - 1 o 2 camas,3/02/2023
74,Gaston,Fantástico,"Muy buena ubicación, desayuno muy completo",,España,"9,0",En familia,Habitación Cuádruple Estándar,2/02/2023
75,Monica,Una habitación cuadruple brutal!,"Lo grande y bien mantenida que estaba la habitación. Es tan grande que parece un piso! Muebles modernos y cuadros de fotografias de Andorra muy bonitas (nada horteras como en muchos hoteles. Agua y zumos gratis en el mini bar a la llegada! Aunque el agua del grifo de Andorra es fenomenal! Calentador de agua y infusiones en la habitación! Agua en la recepción y algun minicroissant! Habitaciones cuadriples gigantes!! con 2 lavabos completos, literas y 2 smarthTV!! Feliz porque normalmente las habitaciones triples o cuatriples son con sofás cama, pero en este hotel son una literas espaciosas modernas y bonitas. La cama de matrimonio muy grande y con colchon de calidad. Hasta las almohadas eran geniales (yo lo paso fatal con las almohadas de los hoteles que suelen estar muy aplastadas del uso). La habitación tenía 2 super wc completos con ducha los 2 y gel, champu, body milk y gel de manos. Wifi gratis! Armarios super grandes. Sofa de 3 plazas muy nuevo y mucho espacio libre. Cortinas de foscurit de calidad, bonitas y modernas!! La verdad es que esperaba que lloviera para quedarme un buen rato en la habitación! Habia hasta un aro de luz para selfies e Instagramers! Un flipe! Limpieza 10!!
Desayuno muy bueno! Mesas grandes para familias. Las pastas estàn buenisimas! el pan muy bueno y gran variedad para los pequeños. Café de cápsula!!! un lujo!!!! Tomamos algo en la cafeteria y muy bien, muy agradable y las raciones de patatas chips gigantes! Paquing muy bien. Genial para cargar y descargar con ascensor directo a las habitaciones.
Parquing público muy cerca y barato. 
Zona super céntrica y tranquila pero a 2 min de tiendas y restaurantea buenisimos.y variados alrededor.
Personal muy profesional atento y simpático! sin duda volveremos!!! De todos los hoteles que he estado en Andorra (voy 4 veces al años en invierno y en verano)  todos de 4*, es el mejor de todos!!!
A partir de ahora será nuestro hotel!",No hubo nada que no me gustara. La verdad es que flipé bastante. No me esperaba que estuviera tan bien. Sólo que logicamente al ser un hotel céntrico no tiene buenas vistas.,España,10,En familia,Habitación Triple,2/02/2023
76,Maria,muy buena,muy linda habitación y muy bien ubicado,un poco caro,España,10,En familia,Habitación Cuádruple Deluxe,1/02/2023
77,Umaima,Excepcional,muy amplio limpio tranquilo muy amables todo excelente,,España,10,En familia,Habitación Familiar,1/02/2023
78,Brenda,Fantástico,"Todo desde la habitación , la zona y la limpieza y el restaurante",El parking,España,"9,0",En pareja,Habitación Cuádruple Estándar,31/01/2023
79,Maria,Excepcional,"Ubicación.
Limpieza.
Calefacción.","Colchones muy blandos.
Elevado precio desayuno.",España,10,En familia,Habitación Cuádruple Estándar,31/01/2023
80,Etha,Excepcional,todo,,Francia,10,En pareja,Habitación Doble - 1 o 2 camas,31/01/2023
81,David,Muy bien,"La ubicación es muy buena, la habitación muy grande, con espacio separado para los niños con su baño propio. La cama muy grande y colchones muy comodos. En general todo perfecto.",La temperatura para mi gusto muy elevada aún apagando la calefacción estaba a 23 grados.,España,"8,0",En familia,Habitación Cuádruple Deluxe,30/01/2023
82,Sanchez,buen servicio y sobre todo buenísima comida,mucho,,España,"8,0",En pareja,Habitación Doble - 1 o 2 camas,29/01/2023
83,Marisa,Estancia perfecta,"Hotel céntrico, habitación amplia, restauración muy buena, la atención por parte del personal sobre todo del comedor extraordinaria. Siempre que vamos apostamos por este hotel y no nos defrauda. Sin duda volveremos.",,España,10,En pareja,Habitación Doble - 1 o 2 camas,29/01/2023
84,Carlos,excelente alojamiento con un trato exquisito. Recomendable 100%,"personal, decoración funcional con amplias habitaciones",plazas de parking limitadas aunque dispones de varios aparcamientos públicos muy cercanos,España,10,Persona que viaja sola,Habitación Doble - 1 o 2 camas,28/01/2023
85,Iván,Excepcional,"habitación grande, moderna y limpia",,España,10,En grupo,Habitación Doble - 1 o 2 camas,28/01/2023
86,Alex,Espacio ideal para descanso en familia,confort habitación y la atención del servicio,nada en concreto,España,10,En familia,Habitación Triple,27/01/2023
87,Carlos,de 10,todo,nada,España,10,En grupo,Habitación Cuádruple Deluxe,26/01/2023
88,José,Fabuloso volveremos,"La  habitación super grande, con dos estancias separadas  con 1 baño individual cada una, Tv de 52 pulgadas la habitación principal y otra más pequeña en la otra habitación. Cojimos media pensión con cena. La comida tanto desayuno como cena muy bien sobre todo la cena. La bebida va aparte incluso el agua. Tanto el personal de recepción como restaurante amables y dispuestos. 
La situación si bien no está en el mismo centro es muy buena a 5 minutos de la calle principal.",Por poner algo  que el parking son 20€ diarios.,España,"8,0",En familia,Habitación Triple,26/01/2023
89,Luis,Fantástico,"Está en una ubicación céntrica que permite visitar la ciudad a pie cómodamente. Muy recomendable para familias: Habitación grande con dos dormitorios (cama grande y litera), y dos baños. El hotel está cuidado y su personal es amable y atento. El desayuno y la cena están genial. Aunque posee parking propio, en caso de no quedar plazas libres, está muy cercano a otros parkings.",,España,"9,0",En familia,Habitación Cuádruple Deluxe,26/01/2023
90,Fatimajm,"Cómodo
Habitación amplia",Habitación enorme. Camas muy cómodas. Ubicación. Cena excelente.,No tener parking,España,10,En familia,Habitación Cuádruple Estándar,26/01/2023
91,Maurizio,Ideal para viajar en familia,"Hotel céntrico, personal muy amable,  habitaciones familiares muy grandes. Camas muy comodas, temperatura de la habitación muy confortable  Ideal para viajar en familia.",,España,10,En grupo,Habitación Cuádruple Deluxe,22/01/2023
92,M,Lo recomiendo. un acierto en todo,Bien situado. habitacion muy grande. muy amables,,España,10,En familia,Habitación Cuádruple Estándar,22/01/2023
93,Blanca,Amplia habitación para familias numerosas,"Poder estar todos en la misma habitación, era espaciosa y estaba muy bien","La habitación olía mucho a tabaco, una de las duchas se alía el agua y en la otra no funcionaba del todo.",España,"8,0",En familia,Habitación Familiar Deluxe,20/01/2023
94,Beatriz,buena calidad - precio,Habitación grande y espaciosa,,España,10,En pareja,Habitación Doble - 1 o 2 camas,19/01/2023
95,Eduardo,muy buena,Ubicación,no aplica,España,10,En pareja,Habitación Doble - 1 o 2 camas,19/01/2023
96,Buitre,Muy bien,Ubicacion,Que me dieron una habitacion un poco vieja yo ya habia estado en otra ocasion y la habitacion era mas nueva.,España,"8,0",En pareja,Habitación Doble - 1 o 2 camas,18/01/2023
97,Joaquim,excelente hotel,"habitación grande y confortable, el trato del personal excelente",,España,"9,0",En familia,Habitación Cuádruple Estándar,18/01/2023
98,Vicente,Muy bien,"La ubicacion fenomenal muy centrico cerca de todas las tiendas y restaurants,,el desayuno muy bueno y tuvieron una atencion muy bonita pues era nuestra luna de miel y nos subieron una botella de cava .muy bonito gesto.","La tele no iba bien,no funcionaba el aire ni la calefaccion,le dijimos a la camarera que nos subio la botella de cava y nos dijo que avisaria a mantenimiento
En nuestra estancia de 3 dias no vino nadie a revisarlo",España,"8,0",En pareja,Habitación Doble Deluxe,14/01/2023
99,Noelia,Genial,Habitación familiar,Nada,España,"9,0",En familia,Habitación Cuádruple Estándar,13/01/2023
100,Lorena,Fantástico,"Excelente ubicación, habitación muy amplia y cómoda y personal muy atento y amable.",,España,"9,0",En familia,Habitación Triple,11/01/2023
101,Eva,Muy buena opcion,"Buena ubicación
Personal muy amable
Habitaciones muy espaciosas
Comedor buena calidad",En general todo bastante bien,España,"8,0",En pareja,Habitación Cuádruple Estándar,11/01/2023
102,Joan,muy bueno,"increible, atencion del
personal, limpieza, ubicación.",nada,España,10,En familia,Habitación Cuádruple Deluxe,11/01/2023
103,Lsg98,Fantástico,"La habitación era enorme, la cama muy cómoda y el desayuno tenía mermeladas caseras riquísimas.","El parquing del hotel estaba lleno cuando llegamos, para la capacidad que tiene deberían tener un parquing más grande.",España,"9,0",En pareja,Habitación Doble - 1 o 2 camas,9/01/2023
104,Eva,Excepcional,"Es un hotel genial, las camas comodisimas, la cena de la media pensión es de lujo y el desayuno muy bueno.
La ubicación es perfecta y el plus de tener parquing.",,España,10,En familia,Habitación Cuádruple Estándar,9/01/2023
105,Maria,Fantástico,"Atención del personal, ubicación y limpieza. Todo excelente.",,España,"9,0",En familia,Habitación Cuádruple Estándar,9/01/2023
106,Sánchez,Muy bien,Habitacion muy espaciosa y comoda,"El restaurante siempre es la misma carta no varia , no hay mas opciones .Poca verdura",España,"8,0",En familia,Habitación Cuádruple Estándar,9/01/2023
107,Doris,BUENA UBICACIÓN,Muy cómodo y tenía dos aseos,"Uno de los aseos tenía un olor
desagradable, cañería vieja .",Puerto Rico,"8,0",En familia,Habitación Cuádruple Estándar,8/01/2023
108,Tomas,Excepcional,"Todo muy bien, se puede repetir.","Que fue ñoco tiempo, para disfrutar más ➕",Marruecos,10,En grupo,Habitación Cuádruple Deluxe,8/01/2023
109,Juan,Excepcional,Todo en general.,Bien.,España,10,En familia,Habitación Cuádruple Estándar,6/01/2023
110,Ruben,Excepcional,perfecto,,España,10,En familia,Habitación Triple,6/01/2023
111,Alicia,Fantástico,La amplitud de las habitaciones y que teníamos dos baños,Se oía mucho a los vecinos de al lado.,España,"9,0",En familia,Habitación Cuádruple Deluxe,5/01/2023
112,Claudia,genial,las habitaciones son enormes!,,España,10,En familia,Habitación Doble - 1 o 2 camas,3/01/2023
113,Eva,Por un mejor precio repetiría.,"Habitaciones muy amplias, habitación separada para los niños con otro baño.","Precio muy alto, la televisión de la habitación de los niños no funcionaba.",España,"8,0",En familia,Habitación Cuádruple Estándar,30/12/2022
114,Emilia,Todo perfecto,Todo perfecto.,,España,"9,0",En familia,Habitación Cuádruple Estándar,28/12/2022
115,Pilar,Habitación familiar muy cómoda y espaciosa.,"La habitación familiar muy espaciosa . 
Hotel muy céntrico.
parquing en el mismo hotel (de pago).",nada que objetar.,España,10,En familia,Habitación Cuádruple Estándar,25/12/2022
116,Sabrina,Fantástico,La ubicación y la limpieza,,España,"9,0",En pareja,Habitación Cuádruple Estándar,25/12/2022
117,Mariana,Fantástico,muy bien,,España,"9,0",En familia,Habitación Cuádruple Deluxe,25/12/2022
118,Larysa,Muy bien,los baños no estaban bien limpios,,España,"8,0",En pareja,Habitación Cuádruple Deluxe,24/12/2022
119,Eduard,Salida familiar,"Espacioso, y super centrico","Por decir alguna cosa, por la mañana el ruido de los coches/camiones descargando en la calle.",España,"9,0",En familia,Habitación Cuádruple Estándar,23/12/2022
120,Susanna,Estancia de 10 ❤️,"la habitación es muy espaciosa, camas cómodas, el desayuno es buenísimo y el personal es de 10",todo me pareció perfecto,España,10,En familia,Habitación Cuádruple Estándar,23/12/2022
121,Isabel,Sensacional,"Cama cómoda, habitación muy amplia y limpia. el personal es extremadamente amable y el desayuno buffet riquísimo. Es la segunda vez que nos alojamos en él y volveremos sin duda.",Lástima que los últimos días los desagües de los baños olían bastante fuerte.,España,"9,0",En pareja,Habitación Doble Deluxe,21/12/2022
122,Marisol,Excepcional,Lo grandes que son las habitaciones  gustado mucho 👍,,España,10,En familia,Habitación Cuádruple Deluxe,18/12/2022
123,Flor,Muy bonito y céntrico.,"La ubicación es perfecta, las dos chicas de recepción son encantadoras, la comida de el restaurante muy buena, las habitaciones familiares muy bonitas y amplias, no nos esperábamos que fueran así y la limpieza de las habitaciones muy buena también,relación calidad precio inmejorable , sin duda alguna si volvemos a venir repetiremos de hotel seguro.",,España,10,En familia,Habitación Triple,17/12/2022
124,Mila,Excepcional,"En general ha sido todo una buena experiencia y muy amables todo el personal.
Calidad excelente y para volver más veces.",Me gustó todo,España,10,En pareja,Habitación Doble - 1 o 2 camas,15/12/2022
125,Marta,Sin duda es mi hotel en Andorra,"Ubicación excelente, relación calidad precio excepcional de lo mejor en Andorra.",El hotel se ve algo antiguo. Hay algún desperfecto.,España,10,En pareja,Habitación Doble - 1 o 2 camas,14/12/2022
126,Jess,simplemente genial,"habitación familiar muy grande, todo muy limpio y está muy bien situado, ya que está en la calle de detrás de todas las tiendas",,España,10,En familia,Habitación Familiar Deluxe,14/12/2022
127,Juan,Muy bien,wifi,,España,"8,0",En familia,Habitación Cuádruple Deluxe,14/12/2022
128,Victor,En mente para la próxima,"La habitación, espectacular. Muy cómoda para una familia como la nuestra.",La temperatura. Excesivo calor !!,España,"9,0",En familia,Habitación Familiar,12/12/2022
129,Arantzamr,Cálido y familiar,"La habitación familiar era muy grande y con dos baños. La temperatura de la habitación estupenda, de hecho tuvimos que bajar la temperatura de la misma con el regulador. El desayuno buffet muy bueno y completo.","Entraba un poco de luz exterior de la calle en las esquinas de las cortinas. En general no supone ningún problema, pero a mi marido le gusta dormir completamente a oscuras.",España,"9,0",En grupo,Habitación Familiar Deluxe,12/12/2022
130,Laura,Fantástico,ubicación y habitación amplia,la espera hasta poder entrar a la habitacion,España,"9,0",En familia,Habitación Triple,12/12/2022
131,Salvador,Excepcional,"La ubicación perfecta,la habitación muy grande y cómoda y todo nuevo",,España,10,En grupo,Habitación Cuádruple Deluxe,12/12/2022
132,Ainhoa,Nos sorprendió!!,"La habitación es muy amplia para 4 personas, la nuestra tenía dos lavabos. Las camas son muy cómodas.
La ubicación es buena.
Hicimos media pensión . El desayuno con mucha variedad. La cena era a la carta y todo lo que probamos estaba muy bueno.
El trato del personal muy agradable tanto en recepción como los camareros. 
Seguro que repetimos.",,España,"9,0",En familia,Habitación Cuádruple Estándar,11/12/2022
133,Beatriz,Habitaciones amplias para familias de 4,La habitación es muy amplia y cómoda. Está todo muy nuevo. El desayuno muy bien. El personal excepcional.,El parking se llena pronto y te toca aparcar en algún parking público a unas cuantas calles del hotel,España,"9,0",En familia,Habitación Cuádruple Deluxe,11/12/2022
134,Nuria,Buena ubicación para venir a trabajar a Andorra.,Céntrico y bien situado.,,España,"9,0",Persona que viaja sola,Habitación Individual,11/12/2022
135,Jaime,ESTUPENDO,Me ha gustado la ubicación y que las habitaciones cuadruples tengan dos baños y dos estancias. Cogimos media pension y la cena fue estupenda. El desayuno tambien es muy completo. Lo recomiendo 100 X 100.,Quizá faltaba un poco de calefaccion en la habitación pequeña y baños.,España,"8,0",En grupo,Habitación Cuádruple Estándar,11/12/2022
136,Alberto,Excepcional,"Camas de niños separadas con su baño.propio
Habitación amplia",,España,10,En familia,Habitación Cuádruple Estándar,10/12/2022
137,Mireia,Repetiremos,"Habitación muy amplia y cómoda.
La situación del hotel genial, desayuno muy completo.",Nada,España,10,En familia,Habitación Triple,10/12/2022
138,Francisco,agradable,"el espacio interior, camas confortables, 2 lavabos independientes, y dos estancias independientes.",un poco antiguo sin reformar,España,"8,0",En familia,Habitación Triple,10/12/2022
139,Dani,noche en Andorra,"la habitación grande, cómoda y espaciosa",,España,"8,0",En familia,Habitación Cuádruple Estándar,9/12/2022
140,Raquel,Fantástico,El trato del personal hacia mi pequeño y las instalaciones en general.,Tardaban mucho en servir de un primer plato a un segundo en la cena. Pero estaba todo buenisimo👏,España,"9,0",En familia,Habitación Cuádruple Deluxe,7/12/2022
141,Sergi,Muy bien,El sitio,El servicio de la cena y su comida,España,"8,0",En pareja,Habitación Familiar Deluxe,6/12/2022
142,Romangarsi,Buen hotel en el centro de Andorra La Vella,"Situación céntrica,  calle tranquila,  habitación amplia, 2 cuartos de baño y cama amplia y muy cómoda,  también las almohadas.","Mucho ruido por las mañanas en las zonas comunes,  sobre todo de las limpiadoras de las habitaciones.",España,"9,0",En familia,Habitación Cuádruple Deluxe,6/12/2022
143,Luis,Excepcional,cama,plazas justas parking,España,10,En familia,Habitación Doble Deluxe,5/12/2022
144,Pepi,Fantástico,Habitaciones amplias y buena ubicación,"Las literas son pequeñas. Con lo grande que es, la habitación cabría otra cama doble",España,"9,0",En familia,Habitación Cuádruple Estándar,5/12/2022
145,Alejandra,Adecuado,Buena ubicación y habitaciones muy grandes,Iluminación muy escasa y limpieza deficiente. Habitación llena de polvo.,España,"8,0",En pareja,Habitación Doble - 1 o 2 camas,4/12/2022
146,Balinero,Muy bien,"Personal en recepción y buffet desayuno correcto.
Ubicación muy buena, a 5-10 min a pie de Caldea.
Desayuno buffet variado.
2a habitacion amplia, no esperabamos tanto espacio. 
Habian 2 baños en lugar de 1 como creíamos.","Era una habitacion doble, las camas de la 1a estaban pegadas a la pared que daba al rellano. Al ser 1a planta y no haber pasillo se oía TODO el ruido procedente de recepción. 
Para ser un 4* que el ""gel"" de duchar sea una pastilla es algo extraño, en lugar de en botellitas como el champú.
A ratos faltaban cosas en el desayuno (minidonuts, jamon serrano), algo lentos en reponer.
La mampara de la bañera era insuficiente para evitar que cayera agua fuera.
Tv pequeña para lo q es el estandar de un hotel de 4*.",España,"8,0",En familia,Habitación Cuádruple Estándar,1/12/2022
147,Beltrán,100% recomendable,"limpieza,ubicación, comodidad, amplitud , desayuno excelente",todo genial,España,10,En familia,Habitación Triple,1/12/2022
148,Jonsgolden,Hotel muy por encima de las expectativas,"Muy buena opción si quieres estar cerca de Caldea. El hotel ofrece la opción de media pensión que sin duda, fue la mejor decisión de todo el viaje. La cena del restaurante fue espectacular y superó todas nuestras expectativas. Las habitaciones eran muy espaciosas y tenían dos zonas divididas, ideal para separar las estancias.","En general todo estuvo genial, pero si hay que sacar una pega... había poca opción vegetariana para la cena - como en general en todo Andorra - pero los camareros se ofrecieron a cocinar algo fuera de la carta y lo valoramos muy positivamente.",España,"9,0",En grupo,Habitación Cuádruple Estándar,27/11/2022
149,Fouad,Muy recomendable,Muy bien,Nada todo bien,Marruecos,"9,0",En familia,Habitación Familiar,26/11/2022
150,Gloria,Fantástico,Los empleados excelente super amables y sinpaticos,En realidad nada ni,España,"9,0",En pareja,Habitación Doble - 1 o 2 camas,26/11/2022
151,Lili,muy limpio el personal muy amable,todo,me gusto todo,España,10,En familia,Habitación Triple,25/11/2022
152,Lili,hotel muy limpio y muy amables el personal,todo,me gusto todo,España,10,En familia,Habitación Triple,25/11/2022
153,David,Excepcional,"El personal a la hora de ser atendidos en recepción y la gran amabilidad de la chica que nos atendió a la hora del desayuno, muchas gracias por todo",,España,10,En familia,Habitación Triple,22/11/2022
154,Mónica,comodidad con amigas,"trato excelente, ubicación céntrica, amplitud habitación",nada,España,10,En grupo,Habitación Cuádruple Estándar,21/11/2022
155,Sara,Ideal para familias,"Nos asignaron un lujo de habitación, dos espacios separados por una puerta y cada uno con su baño, ideal para ir en familia. Las camas son muy cómodas y el desayuno muy rico. El personal es extremadamente amable. El parking estaba completo pero gracias a los consejos de recepción pudimos aparcar en zona azul sin problema, el domingo no se paga. La situación ideal para ir a Caldea y la zona de compras, justo al lado.",La única pega fue la cuna. Solo tenia una sábana y sin manta el bebé pasó frio. Las barandas eran demasiado altas y subirlas y bajarlas ademas de complicado era ruidoso. Acabó durmiendo en la cama con nosotros.,España,"9,0",En familia,Habitación Triple,21/11/2022
156,Inma,calidad-tranquilidad-confort-buena gastronomía,"UBICACION, TAMAÑO Y DISTRIBUCION DE LA HABITACION,DESAYUNO Y RESTAURANTE","no haber conseguido plaza de parking, pero fueron muy amables indicándonos donde quedaba el parking más proximo.",España,"9,0",En familia,Habitación Triple,21/11/2022
157,Judit,Perfecto Hotel,"La habitación espaciosa, limpia y bien decorada.",Para poner una pega.. las vistas de la habitación.. tenía un edificio a pocos metros.,España,10,En grupo,Habitación Doble Deluxe,20/11/2022
158,Luis,una estancia perfecta,todo,,España,"9,0",Persona que viaja sola,Habitación Doble - 1 o 2 camas,19/11/2022
159,Francisco,Excepcional,Todo nuevo y acogedor ... el personal super amables ...,,España,10,En pareja,Habitación Doble - 1 o 2 camas,18/11/2022
160,Sergbene,Fantástico,La habitación amplisima.,"La ubicación.  Sin estar apartado del centro, no está en el mismo centro.",España,"9,0",Persona que viaja sola,Habitación Doble - 1 o 2 camas,18/11/2022
161,Fco,Fantástico,La atención del personal,,España,"9,0",En pareja,Habitación Doble - 1 o 2 camas,17/11/2022
162,Sergio1975,Excepcional,"ubicación, desayuno, comodidad de las camas, limpieza.","parking estaba lleno, tuvimos que dejar el coche en otro parking más lejos.",España,10,En pareja,Habitación Doble - 1 o 2 camas,16/11/2022
163,Luis,"Muy recomendable, repetiría sin duda.","Check in rápido 
Una habitación muy amplia y cómoda, con todo lo necesario para que se vea recogido el equipaje y la ropa. Armarios empotrados abiertos con muy buena iluminación. Los baños (habían 2 en mi habitación) realmente cuidados; limpios. 
Volviendo a la habitación, muy limpia y cuidada al detalle.","La única pega que puedo ponerle es que hacía mucho calor en la habitación durante la tarde y no se podía controlar como nos dijeron en recepción. Debo decir también que fue un día de calor en donde en realidad se esperaba frio. 
Ascensores. a pesar de haber 3 solo funcionaba 1 y a la hora de hacer check out tardamos en poder bajar debido a la afluencia alta de gente que se iba también.",España,10,En pareja,Habitación Doble - 1 o 2 camas,15/11/2022
164,Marcos,"estancia muy agradable, muy buena atención de todo el personal y la comida y desayuno excelentes",Habitación muy amplia y perfecta,,España,10,En pareja,Habitación Doble Deluxe,14/11/2022
165,Montse,perfecto!! te encuentras muy a gusto!!,"todo!!! el personal, la habitacion, el desayuno y la cena!! un 10!!",,España,10,En familia,Habitación Triple,12/11/2022
166,Alicia,Ha ido todo bien y estamos encantados!!,"Esta vez esta todo bien, el baño no olia tabaco como en la habitación 505.",El desayuno hay poca variedad. la cisterna de los 2 baños hacen ruidos despues de tirar el agua.,España,10,En familia,Habitación Triple,12/11/2022
167,Zambrano,100% recomendado,Excelente atención y tiene muy buena ubicación.,"El wifi no iba muy bien, y la tv tiene poca opción de canales…",España,"9,0",En pareja,Habitación Doble - 1 o 2 camas,10/11/2022
168,Marta,"Cómodo, práctico y con gran ubicación","Ubicación a un paso de la avenida comercial y a 5 minutos andando a Caldea, en una calle tranquila. La habitación Deluxe muy cómoda, sobretodo las camas. Las toallas y sábanas de calidad. La restauración también merece una buena reseña, el desayuno muy completo y la bollería acertada. Los platos de la cena, aunque no son de buffet los sirven en la mesa muy elaborados.",Que no hubiese plazas disponibles de parking. Lo aparcamos en parking público descubierto a 4 minutos andando.,España,"9,0",En familia,Habitación Cuádruple Deluxe,8/11/2022
169,Jose,Escapada genial,El hotel está genial. Un diez para la recepción y sobre todo para los chicos del restaurante. Las habitaciones son espectaculares.,"Las plazas de parking son escasas. La zona de carga y descarga estaba ocupada y la policía quería multarnos con 500 € por parar encima de la acera. Deberían cuidar un poco más el turismo. No obstante, este es un tema externo al hotel.",España,10,En grupo,Habitación Cuádruple Estándar,7/11/2022
170,Jennifer,Excepcional,"Todo estaba genial, lo que no me esperaba es tener algo de picar y de beber como bienvenida",No vi nada que no me gustara,España,10,En pareja,Habitación Doble - 1 o 2 camas,7/11/2022
171,Agata,Fin de semana genial!,Habitaciones amplias y comidas excelentes.,Que el parquing estuviera completo.,España,10,En familia,Habitación Cuádruple Estándar,6/11/2022
172,Miguel,Paseo y compras,"La habitación, por primera vez tuvimos un upgradeen booking.
Nos dieron una habitación familiar con 2 baños y 2 TV. Lástima que sólo fuimos la pareja.
Personal muy amable","El hotel muy bien.  Pero Andorra es un pequeño caos circulatorio por la obras que están haciendo. Además te dejas un pasta en los parking,  No hay ninguno gratuito, algunos la primera media hora gratis",España,10,En pareja,Habitación Doble - 1 o 2 camas,6/11/2022
173,Eva,Excepcional,"Nos asignaron una habitación que olía muchísimo a tabaco y fuimos a recepción,no hubo problema en darnos una nueva,genial.","Se debería poder entrar antes,pienso que en todos los hoteles ,no solo en este debería poder accederse a la habitación a la 13 ,para poder dejar las cosas descansar antes de ir a comer.",España,10,En pareja,Habitación Doble - 1 o 2 camas,5/11/2022
174,David,Excepcional,La habitación muy grande y espaciosa,,España,10,En familia,Habitación Triple,5/11/2022
175,Ana,Excepcional,"La habitación super amplia, el desayuno muy bueno y variado",El parquin estaba lleno y no se puede reservar con antelación,España,10,En familia,Habitación Familiar,4/11/2022
176,Samantha,Muy bien,El tamaño de la habitación y su ubicación.,"Las obras que habían en el hotel, empezaban a las 8 de la mañana a taladrar y etc ...",España,"8,0",En pareja,Habitación Doble Deluxe,3/11/2022
177,Roser,Muy bien,Habitación grande y cama comoda,,España,"8,0",En pareja,Habitación Doble - 1 o 2 camas,3/11/2022
178,Lucindo,fenomenal,la habitación,el parking un poco estrecho para coches grandes,España,"9,0",En familia,Habitación Triple,2/11/2022
179,Inmaculada,habitación familiar muy amplia con dos baños.Desayuno buffet muy completo y cena con platos a elegir cocina gourmet deli,ubicación y comida,que no se pudiera reservar parking con antelación,España,10,En familia,Habitación Cuádruple Deluxe,1/11/2022
180,Sonia,Excepcional,"La recepcionista que nos hizo el checkin era fantástica, la habitación una maravilla, todo perfecto",Que la TV no tuviera chromecast,España,10,En pareja,Habitación Doble - 1 o 2 camas,1/11/2022
181,Silvia,Estancia en familia muy buena y agradable.,Las habitaciones son grandes y cómodas para ir con niños. También la ubicación es excepcional ya que no es necesario coger el coche para ir de compras o comer/cenar. El personal muy amable y complaciente en todo momento.,Lo que no me gusta es que los rellanos de las plantas son grandes y con un hueco central que comunica con el resto de plantas y por tanto se escuchan todos los ruidos de todas las plantas y hace eco.,España,"9,0",En familia,Habitación Cuádruple Deluxe,1/11/2022
182,Pedro,buena ubicación. Muy buen desayuno habitación amplia,"amplitud habitacion
muy buen desayuno
muy limpio",nada,España,10,En familia,Habitación Cuádruple Estándar,31/10/2022
183,Noe,Excepcional,"Ubicación, personal, desayuno",Nada,España,10,En familia,Habitación Cuádruple Estándar,31/10/2022
184,Mihaela,Excepcional,Estupendo todo,No habia aparcamiento,España,10,En familia,Habitación Cuádruple Deluxe,31/10/2022
185,M,Fantástico,"La ubicación, la habitación y el desayuno.",,España,"9,0",En familia,Habitación Cuádruple Estándar,30/10/2022
186,Jaume,genial,limpieza y ubicacion,nada,España,10,En pareja,Habitación Doble Deluxe,25/10/2022
187,Laia,Excepcional,"es muy grande, espacioso y super equipado",,España,10,En pareja,Habitación Doble - 1 o 2 camas,24/10/2022
188,Maria,Muy buena ubicacion,"El Restaurante porque no es el típico de bufete   son platos muy bien elaborados , los postres buenísimos",Que no hubiese plaza de parking,España,"8,0",En pareja,Habitación Doble Deluxe,22/10/2022
189,Gonzalo,HOTEL PERFECTO PARA VISITAR CENTRO DE ANDORRA,"DESAYUNO MUY BUENO, UBICACION EXCELENTE",AIRE ACONDICIONADO,España,"9,0",En grupo,Habitación Doble - 1 o 2 camas,19/10/2022
190,Jordi,Una estancia perfecta,Un hotel perfecto para la estancia en Andorra. El personal es muy amable y el desayuno y el restaurante estan muy bien. las habitaciones son muy amplias,,España,10,En grupo,Habitación Triple,17/10/2022
191,Eva,"Céntrico, cómodo y económico",La habitación familiar es muy grande y cómoda. Tiene habitación de matrimonio grande y una pequeña habitación con litera en la entrada para los niños. Además tiene 2 baños.,Me gusto todo. Seguro que repito.,España,"8,0",En familia,Habitación Doble Deluxe,17/10/2022
192,Carla,Todo perfecto!,"Nos dieron una habitación superior por disponibilidad; muy buena ubicación y desayuno muy correcto. 
Habitación muy amplia","La cama un poco dura, pero esto es cuestion de gustos!",España,10,En pareja,Habitación Doble - 1 o 2 camas,16/10/2022
193,Rocío,Fin de semana de compras y naturaleza,La habitación muy grande y espaciosa. la cama súper amplia y muy cómoda.,"No es que no me gustara, pero, en comparación, el baño resultaba pequeño respecto al tamaño de la habitación.",España,"9,0",En pareja,Habitación Doble Deluxe,13/10/2022
194,Maribel,muy amables y habitaciones amplias y cómodas,si,,España,10,En familia,Habitación Cuádruple Deluxe,13/10/2022
195,Ana,Bien,Cómodo y bien ubicado. Estaba todo muy limpio y el personal fue amable.,"Lo escogimos porque tenia parking y viajábamos con el coche lleno. al llegar allí nos dijeron que estaba ocupado por operarios, y nos indicaron que podíamos dejarlo en otro parking que estaba al aire libre.",España,"9,0",En familia,Habitación Cuádruple Estándar,13/10/2022
196,Angeles,Muy bien,El desayuno un poco flojo,,España,"8,0",En pareja,Habitación Doble Deluxe,13/10/2022
197,Ariadna,Cualidad precio muy bien,La habitación muy grande y comoda.,,España,10,En pareja,Habitación Doble Deluxe,10/10/2022
198,Igor,Muy bien,La ubicación es excelente y el personal fue muy atento. La habitación familiar es perfecta para familias de 4 personas con adolescentes o niños.,"Solo funcionaba 1 de los 2 ascensores. El restaurante era muy lento en las cenas, demasiado lento. Estaría bien saber que la cena no es de tipo buffet, sino a la carta.",España,"8,0",En familia,Habitación Cuádruple Estándar,10/10/2022
199,Gemma,Con ganas de repetir,"Lo céntrico que estaba, el personal",Solo había un ascensor porqué estaba uno de mantenimiento y creo que no fue buena hora cuando los huéspedes marchan hacer ese tipo de trabajos,España,10,En grupo,Habitación Triple,10/10/2022
200,Jose,Excepcional,Todo en general,,España,10,En grupo,Habitación Triple,10/10/2022
201,Morales,Excepcional,Todo,Nada,España,10,En pareja,Habitación Doble - 1 o 2 camas,10/10/2022
202,Cristina,fabulosa,el ser una suite familiar pero con independencia de dormitorio y dos wc,"solo encontre a faltar mas variedad en canales de tv, faltaban muchos de los habituales",España,"9,0",En familia,Habitación Familiar Deluxe,9/10/2022
203,Ruth,Fantástico,La ubicación es inmejorable,Pasamos algo de calor por la noche en la habitación,España,"9,0",En grupo,Habitación Cuádruple Deluxe,9/10/2022
204,Carla,Excepcional,"Habitación espectacular, limpia y cómoda.",,España,10,En pareja,Habitación Doble Deluxe,8/10/2022
205,Laura,Escapada de fin de semana,"Habitación muy amplia, éramos dos adultos y dos niños , la habitación que nos dieron era para 6 personas ,con dos baños ... camas muy cómodas , Netflix, la ubicación también es muy buena.",Nos gusto todo en general .,España,"9,0",En familia,Habitación Triple,7/10/2022
206,Lorena,Excepcional,"La ubicación, es inmejorable",Solo funcionaba un ascensor,España,10,En familia,Habitación Triple,7/10/2022
207,Alfredo,Buen hotel,"La ubicación.
Habitación grande.
Parking para las motos.
Buena comunicación en recepción.","Nada, todo bien",España,"9,0",En grupo,Habitación Individual,7/10/2022
208,Ana,"Muy recomendable, para repetir",El desayuno muy bueno y variado. Todo el personal muy amable y la habitación muy espaciosa. También estaba muy bien ubicado.,El desagüe de uno de los baños no tragaba bien.,España,"9,0",En grupo,Habitación Cuádruple Estándar,6/10/2022
209,Marti,GENIAL...!!!,"Todo ha sido excelente, desde el check-in hasta finalizar con el check-out...
Enhorabuena a todo el personal que hace posible dia a dia que todo funcione corrctamente.",,España,10,En pareja,Habitación Doble - 1 o 2 camas,5/10/2022
210,Xita,Excepcional,La amplitud de la habitacion,"En general esta muy bien, comodo , limpio, muy bien situado",España,10,En grupo,Habitación Doble - 1 o 2 camas,4/10/2022
211,Jose,Fantástico,"El conjunto es muy bueno. Y la restauración merece mencion aparte, nada que ver con el típico bufet libre de otros hoteles. Contraté media pensión  y todo excelente, buena cena con muchos platos para elegir y abundantes.
Personal de recepción muy amable y profesional
Muy bien ubicado cerca de el centro comercial por excelencia.
El wifi muy bueno","Si puedo dar con algo, el edredón de las camas demasiado grueso para el tiempo que hemos disfrutado. Es cierto que si lo hubiera comentado con el personal de habitaciones lo hubieran solucionado.  Mea culpa!",España,"9,0",En pareja,Habitación Doble Deluxe,3/10/2022
212,Anna,Buen hotel con habitaciones reformadas.,"Estuvimos alojados en una habitación reformada, muy bien cuidado.","Muy poca luz en el lavabo, en el espejo faltaría algo más. Hace muchos años que vamos a este hotel, antes el desayuno era mejor, hay poca variedad y lo caliente como beicon estaba frio. Más variedad en el desayuno lo haría más recomendable.",España,"8,0",En familia,Habitación Cuádruple Estándar,3/10/2022
213,Veronica,Excepcional,"La ubicación es perfecta, ofrecen un servicio de restaurante muy bueno y el personal muy amable",Habitaciones poco insonorizadas,España,10,En familia,Habitación Triple,3/10/2022
214,Montse,Excepcional,"La habitación es cuádruple,pero hay separación e intimidad, perfecto.","Las vistas,pero está muy bien situado cerca de todo.",España,10,En pareja,Habitación Cuádruple Deluxe,3/10/2022
215,Agustin,Excepcional,Lo amplio de las habitaciones y el trato del personal excelentes,El ascensor averiado,España,10,En pareja,Habitación Doble - 1 o 2 camas,2/10/2022
216,Noelia,calidad buenisimo y los empleados un súper 10,"Todo, desde la habitación, amabilidad de los profesionales que trabajan allí, desayuno y cena abundante a la carta … buenísimo!!!!! genial! me ha sorprendido muy gratamente el hotel. volveremos seguro! he de destacar la recepcionista Desiré …. gracias por todo!!!!",,España,10,En pareja,Habitación Doble - 1 o 2 camas,29/09/2022
217,Luis,Ideal para estar unos días,"Ubicación muy buena (a dos manzanas de la calle principal). Habitaciones muy limpias y desayuno muy completo.
Nos dejaron entrar antes de la hora a la habitación
Relación precio/calidad excepcional porque íbamos solo una pareja pero nos dieron una suite con dos habitaciones (4 camas más un sofáa cama). Suponemos que al no ser temporada alta nos dieron una habitación superior por tener habitaciones libres",Nada a destacar,España,"9,0",En pareja,Habitación Doble - 1 o 2 camas,28/09/2022
218,Fernandito67,Fantástico,Ubicación y comida,Dificultad ascensor,España,"9,0",En grupo,Habitación Cuádruple Estándar,27/09/2022
219,Óscar,un espectaculo,las dimensiones de la habitación,,España,10,En pareja,Habitación Doble - 1 o 2 camas,24/09/2022
220,Maria,Muy bien,"El tamaño de la habitacion, muy cerca de la zona comercial, pero muy tranquilo. Dispone de aparcamiento. El personal muy amable. Nos cambiaron a una habitacion mejor sin coste,, por una reparacion que no podian solucionar.","En la fecha que estuvimos nosotros, estaba en renovacion, aunque no supuso una gran molestia. De hecho nos mejoraron la habitacion sin coste, por una reparacion que no podian hacer.",España,"8,0",En pareja,Habitación Doble - 1 o 2 camas,22/09/2022
221,Enrique,Para repetir,La amabilidad del personal y el muy buen estado del hotel,Todo nos gusto,España,10,En familia,Habitación Cuádruple Estándar,22/09/2022
222,Clara,Genial,la habitación estaba genial y la cama era muy cómoda.,estaban haciendo obras y se escuchó algún ruido puntual,España,"9,0",En pareja,Habitación Doble - 1 o 2 camas,21/09/2022
223,Víctor,Muy buena estancia.,"Muy buena ubicación, pero tranquilo y sin ruidos.
La habitación era muy grande y la cama cómoda.
Buena señal WiFi y limpio. Perfecto.","Por decir algo, el garaje es incómodo para un coche grande.",España,10,En familia,Habitación Triple,19/09/2022
224,M,"genial, buena ubicacion , personal muy muy simpatico y agradable",todo muy bien,los ascensores tardaban un poco,España,10,En familia,Habitación Cuádruple Estándar,19/09/2022
225,Diaz,Muy bien,un trato profesional,,España,"8,0",En familia,Habitación Familiar,17/09/2022
226,Monica,Excepcional,"La amplitud de la habitación para una familia de 5, 2 habitaciones y 2 aseos",Me gustó mucho todo,España,10,En familia,Habitación Familiar,16/09/2022
227,Laura,Recomendable,"ubicación muy céntrica, comodidad de la cama, televisión muy grande y el desayuno buffet.","Tener que pagar una tasa tan alta por el parking. ya que aún por encima el del -4 no funcionaba. 
Tener los ascensores con obras. 
El baño era bastante pequeño pero funcional.",España,"8,0",En pareja,Habitación Doble Deluxe,16/09/2022
228,Silvia,"muy buen hotel, especialmente para grupos","las habitaciones familiares son geniales, caben hasta 5 personas muy cómodamente y al tener dos baños no hay ni esperas ni disputas!! además estaba muy limpio y bien cuidado todo.","el parking va por cada 24 horas, y tuve que ir a sacar el coche y moverlo a otro de pago en vez de poder dejarlo un par de horas más.",España,"8,0",En grupo,Habitación Triple,16/09/2022
229,Pacomegias,Excepcional,Habitaciones muy amplias y grandes.,,España,10,En pareja,Habitación Doble - 1 o 2 camas,16/09/2022
230,Enrique,Buen hotel. Buena ubicación.,"Desayuno muy completo. 
La atención en recepción, sobre todo la persona de la tarde…. EXCEPCIONAL! Un diez! Volcada en satisfacer al cliente!!!
Habitación grande.",NA,España,"8,0",En familia,Habitación Cuádruple Deluxe,12/09/2022
231,Pedro,Buena estancia,"La ubicación, el tamaño de la habitación y el personal de recepcion",Teníamos una de las camas que el colchón era un poco blando en comparación con los otros y el parking para coche grande es un poco justo,España,"8,0",En familia,Habitación Triple,12/09/2022
232,Enrique,Fantástico,Amplitud habitación.,"Detalle wc, portarrollos papel higiénico incomodísimo molesto al sentarte en taza wc. 
Iría bien escobilla para wc.",España,"9,0",En pareja,Habitación Doble - 1 o 2 camas,12/09/2022
233,Cristina,vacaciones de lujo🤗,nos alojaron en una habitación de luxe cuando yo había contratado una habitación normal👏👏y era todo un lujo🤩el desayuno muy bien 👍,q la habitación anexa no tuviera aire acondicionado,España,"9,0",En familia,Habitación Triple,11/09/2022
234,Ioana,excelente,"la zona , y la habitación , el personal todo",no nos gusto porque teníamos que pagar el impuesto cosa que no nos aviso,España,10,En familia,Habitación Cuádruple Estándar,11/09/2022
235,Cris,"Recomiendo el hotel al 100%,  no tenemos quejas de nada, ha sido una estancia perfecta","Todo, excelente hotel y personal muy amable","Nada, ha sido todo espectacular",España,10,En familia,Habitación Cuádruple Estándar,11/09/2022
236,Nuria,Excepcional,"La habitación. Grande, camas cómodas, limpia, dos baños. Cerca de Caldea y la zona de tiendas. Excelente",Nada,España,10,En familia,Habitación Triple,10/09/2022
237,Lluïsa,Contentos,"Habitación muy amplia, genial para una familia, cada uno con su espacio propio. Todo muy bien equipado.
Buena cena y buen desayuno.El hotel esta cerca de la calle principal.","Faltaba alguna pequeña luz al lado de la litera de abajo, para poder leer/tener una luz cerca, en la habitación de las literas.",España,"8,0",En familia,Habitación Triple,10/09/2022
238,Marta,Muy bien,"La habitación era muy cómoda, amplia y estaba bien situado. El desayuno muy bueno y variaso.","Tenemos un coche eléctrico y nos dijeron que tenian cargador, y no era verdad. Tenían un enchufe que además del gasto de parquin que fueron 18€ nos cobraron el gasto de la luz a precio de oro. 
No tuvieron ningun detalle( algun dto) ya habíamos traído 2 coches por necesidad de asistir a un Campeonato.",España,"8,0",En familia,Habitación Triple,8/09/2022
239,Mireiave,Experiencia muy buena,"La habitación era enorme,tenía a la entrada una entradita con las literas,una mesa,TV y un baño después abrías la otra puerta y estaba el pasillo con un vestidor enorme con un baño grande y entrabas a la habitación bastante amplia con sofá,la cama de matrimonio y una TV plana grande.
Las instalaciones muy bien y el personal muy agradable y atentos.",,España,10,En familia,Habitación Triple,8/09/2022
240,Roberto,"Muy recomendable, Hemos repetido","La habitación impresionante,  dos estancias separadas con puerta,, una con literas, TV y baño completo, ideal para los niños y la otra estancia super grande en general incluida la TV. 65 pulgadas. Perfecta., El desayuno perfecto.",Todo Ok de 10,España,10,En grupo,Habitación Triple,8/09/2022
241,Carolina,"Excelente estancia, buena calidad de la comida",Una hab para tres enorme. Una litera separada de la cama de matrimonio. Dos baños. Habitaciones totalmente independientes sin estar separadas. Una maravilla,Los muebles estaban un poco viejos y desgastados,España,10,En familia,Habitación Triple,6/09/2022
242,Francesc,Fantástico,"Hotel muy bien ubicado. Habitacion grande con camas cómodas.
La cena espectacular. Los platos que comimos eran excelentes. Servicio muy amable.",El mobiliario de la habitacion antiguo.,España,"9,0",En familia,Habitación Cuádruple Estándar,5/09/2022
243,Jaume,Muy bien,"Ubicación, está muy cerca de la calle comercial.","Las habitaciones empiezan a tener desgaste, puertas de lavabos, muebles, parket, goma del cristal de la ducha, etc, no es importante pero algun dia hay que renovarlo.",España,"8,0",En familia,Habitación Triple,5/09/2022
244,Ciberweb,Excepcional,La ubicación,,España,10,En pareja,Habitación Triple,5/09/2022
245,Nath,Muy buena ubicación y excelente relación calidad/precio,"La habitación es muy grande y hay dos estancias una para los niños con literas y otra con una cama de matrimonio. Hay 2 baños con ducha que es muy práctico cuando se está con la familia 
Hay un parking comunal al lado que está bien de precio y el hotel súper céntrico.",La parte de las literas es un poco pequeña en comparación con la parte de la cama de matrimonio que es súper amplia,España,"8,0",En familia,Habitación Cuádruple Deluxe,4/09/2022
246,Pe,Habitación muy amplia,"La amplitud y la remodelación de la habitación
Personal de recepción de tarde y personal de desayunos muy agradables y atentos.
Personal de limpieza genial, le dejamos nota de agradecimiento e incentivo ;)",Nada,España,"8,0",En pareja,Habitación Doble Deluxe,4/09/2022
247,Fernando,Perfecto para visitar Andorra,"La habitacion para 3-4 muy grande y con dos baños.
Sorprendetemente silenciosa.
El desayuno bien surtido. En el restaurante hay muy buen servicio y se come de lujo.","No hay opciones vegetarianas en el restaurante, todo tiene carne o pescado.
El parking completo y hay que buscarse la vida.
El wifi casi no llega al primer piso",España,"9,0",En familia,Habitación Triple,4/09/2022
248,Davidsd,Genial,Era la segunda ocasión que nos hospedábamos en éste hotel y no ha defraudado. Incluso nos dieron una habitación de lujo.,,España,10,En pareja,Habitación Doble - 1 o 2 camas,3/09/2022
249,Esperanza,personal muy amable,la amabilidad del personal y la amplitud de la habitación familiar,"por decir algo, las camas de los niños no son tan cómodas como las de los adultos",España,10,En familia,Habitación Triple,3/09/2022
250,Alejandro,Muy bien,La habitación,Que ya no va incluido el desayuno en el precio,España,"8,0",En grupo,Habitación Doble - 1 o 2 camas,3/09/2022
251,Eva,Fantástico,La habitación que era muy grande.,Los muebles y las puertas estaban en mal estado,España,"9,0",En pareja,Habitación Triple,3/09/2022
252,Miguel,Excepcional,"Llegamos sobre las 21 horas. No tenían aparcamiento y la Sta. Erika, nos lo resolviero. Los colchones muy cómodos. Los empleados de la mañana del comedor muy atentos, en especial la señora con gafas con los adultos y más con los niños. Limpio y muy bien ubicado (detrás del Hotel la Avd. Meritxell). Repetiremos. Un placer.",Todo perfecto.,España,10,En familia,Habitación Cuádruple Estándar,2/09/2022
253,Juan,"Repetiremos en este hotel, seguro.","La ubicación es excepcional, está muy cerca de la calle comercial.
La comida tiene buena presentación, y está realmente buena.
El aparcamiento es algo justo, pero es un lujo tenerlo en el hotel, sin tener que salir al exterior.
La habitación que nos dieron, era expectacular, un encanto.","Nada, todo correcto.",España,10,En pareja,Habitación Doble - 1 o 2 camas,1/09/2022
254,Carla,Perfecto,La ubicación y la relación calidad-precio,,España,10,En pareja,Habitación Doble - 1 o 2 camas,1/09/2022
255,Miguel,Nos encantó el hotel. Muchas gracias.,"habitaciones muy espaciosas, modernas y colchones confortables.","Hubiera agradecido algún tipo de oferta para desayunar en el propio hotel, pero 4 personas a 12,5€ durante 6 desayunos se nos iba a 300€. no obstante, muy cerca hay cafeterías muy agradables en donde hacerlo por un tercio.",España,10,En familia,Habitación Cuádruple Estándar,1/09/2022
256,Mario,Escapada como un fin de semana,Calidad precio genial los desayunos y cenas espectacular,,España,10,En familia,Habitación Triple,31/08/2022
257,Karen,Excepcional,"La habitación que nos cedieron era enorme con unos ventanales nos encantó, el desayuno también muy rico la estancia fue agradable volvería a repetir sin duda!",Nada que decir al respecto,España,10,En pareja,Habitación Doble - 1 o 2 camas,30/08/2022
258,Martín,Hotel  muy agradable y tranquilo,"Segunda vez que nos alojamos en este hotel 
Ubicación genial
Personal amable 
Habitaciones grandes y limpias
Hotel familiar y tranquilo",,España,10,En pareja,Habitación Doble - 1 o 2 camas,30/08/2022
259,Javier,Fantástico,Lo espaciosa que era la habitación y la comodidad de la misma.,La selección y preparación del menú de la cena puede ser mejor.,España,"9,0",En pareja,Habitación Doble - 1 o 2 camas,29/08/2022
260,M,Excepcional,El trato recibido por el personal.,Nada. Todo perfecto.,España,10,En familia,Habitación Doble Deluxe,29/08/2022
261,Cristina,Excepcional,"La ubicación, muy céntrico. Habitación muy grande y lujosa en relación al precio pagado.",Todo exceletente,España,10,En familia,Habitación Cuádruple Deluxe,29/08/2022
262,Barbara,Perfecto!,"Camareros de 10! sobretodo Juan, muy atento 
y encantador. 
La comida espectacular, todo riquisimo!
Volveremos sin duda!!",,España,10,En familia,Habitación Cuádruple Estándar,28/08/2022
263,Oleas,Confortable,"La amplitud y limpieza de la habitación.
El desayuno y la amabilidad del personal.",,España,10,En familia,Habitación Cuádruple Deluxe,28/08/2022
264,Domingo,Comida excelente y pendiente de reforma la habitación,"Lo mejor con diferencia la media pensión, sobre todo la cena, a la carta y de gran calidad","La habitación necesitas una reforma, muebles y puertas un poco viejo",España,"8,0",En pareja,Habitación Triple,26/08/2022
265,Tomas,Excepcional,"Genial ,el trato y las instalaciones fabulosas.
Bien insonorizado para mayor confort nuestro. Muy contentos y agradecidos",,Chile,10,En pareja,Habitación Doble - 1 o 2 camas,26/08/2022
266,Alicia,nos ha encantado!!,"Nos gusto mucho el alojamiento, esta en el centro de Andorra.","nos a tocado la Habitacion 505, el baño grande olia a tabaco  en la ducha.",España,"9,0",En familia,Habitación Cuádruple Estándar,26/08/2022
267,Belen,Personal amable y bien situado.,Amplia y bien equipada la habitación familiar 2A+2N,,España,"8,0",En familia,Habitación Cuádruple Deluxe,25/08/2022
268,David,Muy buen Hotel!,"habitaciones muy grandes
restaurante - cena
ubicación
fácil acceso",nada a destacar,España,"9,0",En familia,Habitación Cuádruple Estándar,25/08/2022
269,Aguilar,Agradable,Mui correctors l'ós dos,"Mui Justo para pasar con si
lla de ruedas",España,"8,0",En familia,Habitación Triple,25/08/2022
270,María,correcto,"El personal muy amable, a destacar Joao.",La habitación con muebles y puertas antiguos,España,"9,0",En familia,Habitación Cuádruple Estándar,24/08/2022
271,Vicente,Perfecto. Repetiremos,El desayuno y la cena estupendo y el trato dl personal de hotel y comedor excelente.,No podíamos ver muchos canales de tv,España,"9,0",En familia,Habitación Cuádruple Estándar,24/08/2022
272,Galán,Dos noches en el hotel,"Lo que más nos gustó fue lo espaciosa de la habitación, la ducha de uno de los dos baños que tenia, la amabilidad del personal y la ubicación del hotel.","En las instalaciones del hotel no se puede llamar gimnasio a la habitación destinada al mismo, el precio del parking podria ser mas asequible, pero viendo la necesidad en la zona es comprensible, mejorar el desayuno con huevos fritos y tortitas, por ejemplo, aunque no está nada mal",España,"8,0",En familia,Habitación Cuádruple Deluxe,22/08/2022
273,Carmen,Supero mis expectativas,"Habitaciones muy limpias y amplias, desayuno muy rico !!","Que estuviera el parking lleno, es de entender había mucha gente. ( Por poner algo.....)",España,10,En familia,Habitación Triple,22/08/2022
274,Iñaki,Fantástico,La habitación espectacular y la ubicación perfecta,No encuentro nada negativo,España,"9,0",En grupo,Habitación Cuádruple Deluxe,22/08/2022
275,Sergio,Fenomenal,"Buena ubicación cercana a la calle principal de Escaldes-Engordany y caminando un poco más a Caldea. Habitación muy amplia. Camas cómodas. Baño limpio y espacioso. El desayuno genial con variedad de comida, y fantástica la cena de la media pensión con un menú que ofrecía varios primeros, segundos y postres de calidad. El personal son muy amables y de gran ayuda con consejos para la estancia en Andorra. Sin duda volvería en una próxima estancia.","No habían plazas de aparcamiento libres en el parking del hotel, aunque muy cerca hay parkings públicos que están bien y vigilados, pero están a la intemperie y cuestan un poco más.
En la cena, las bebidas no iban incluidas en el precio de la medida pensión.",España,"9,0",Persona que viaja sola,Habitación Individual,22/08/2022
276,Samuel,Fantástico,Atención personal y ubicacion,"Buffet te un poco escaso, pero con buen personal",España,"9,0",En pareja,Habitación Triple,21/08/2022
277,Eva,Genial,"Habitación espaciosa, camas súper cómodas, blanditas","Tema parking, al lado mas abajo por 12€ puedes dejarlo",España,10,En familia,Habitación Cuádruple Deluxe,21/08/2022
278,Isabel,Cómodo limpio y centrico,Dos baños y habitación espaciosa. Cama y almohada cómodas.,Las bisagras chirrían y se oye mucho el desagüe,España,"8,0",En familia,Habitación Triple,20/08/2022
279,Nuria,fenomenal,la habitación cuádruple,poco parking,España,"9,0",En familia,Habitación Cuádruple Estándar,20/08/2022
280,Jesus,Unos dias estupendos,"Pese a ser muy centrico, por la noche la habitacion era super tranquila, con lo cual el descanso estaba asegurado.
El desayuno era muy completo, y en cuanto al aparcamiento, pese a que estaba todo ocupado, hay un parking publico al lado.
Lo mas destacable, la amabilidad de todo el personal.","Fue todo estupendo, pero por decir algo que debieran mejorar, alguna maquina del gim estaba averiada.",España,"9,0",En pareja,Habitación Doble - 1 o 2 camas,19/08/2022
281,Ruiz,Fantástico,En general todo.,,España,"9,0",En familia,Habitación Cuádruple Estándar,19/08/2022
282,Kerry,temperaturas fantásticas en verano,limpio y moderno,un poco pequeño la zona donde se ubicaban las literas,España,"8,0",En familia,Habitación Cuádruple Deluxe,18/08/2022
283,Sergio,genial,habitacion y ubicacion,,España,10,En pareja,Habitación Doble - 1 o 2 camas,17/08/2022
284,Ana,Muy bien,"El personal, limpieza y la cama.",Los huevos revueltos del desayuno.,España,"8,0",En pareja,Habitación Doble Deluxe,16/08/2022
285,Nuria,Fantástico,"Buena ubicación,cerca de la zona de tiendas",,España,"9,0",En grupo,Habitación Triple,16/08/2022
286,Gines,Muy bien,"Desayuno bajo minimos. Sin reposicion, lento. 
Aparcamiento lleno, sin servicio.",La recepción es super lenta.,España,"8,0",En pareja,Habitación Doble - 1 o 2 camas,16/08/2022
287,Pere,Genial,Todo el personal excepcionalmente amable. Buen desayuno,,España,10,En familia,Habitación Triple,15/08/2022
288,Joan,muy agradable.,"Lo amplia y grande que era la habitación, la limpieza de la misma y las camas muy cómodas.",los costes de los suplementos (parking 18€ la noche),España,"8,0",En pareja,Habitación Doble - 1 o 2 camas,15/08/2022
289,Jordi,Muy bien,Que la habitación era muy espaciosa que,"Que para ser verano en la cama no existan sabanas  para ponerse, solo haya un funda con un nórdico que hace una calor impresionante, luego la mampara de la ducha  que no cubre demasiado queda el suelo y la puerta chorreando. La litera para un niño de 14 años es pequeña le salían los pies",España,"8,0",En familia,Habitación Cuádruple Estándar,14/08/2022
290,Jaime,Muy bien,"La amabilidad y la empatía de Joao creo que se llamaba.
Muy simpático también.","Los muebles de la habitación era muy antiguos y gastados, la limpieza podía ser mejor.
La ventana de la habitación daba a la puerta principal y paraban continuamente coches y camiones a descochar y encochar con el consiguiente humo y ruido.",España,"8,0",En familia,Habitación Cuádruple Estándar,14/08/2022
291,Jordi,Genial habitación para viajar en familia al centro de Andorra,la habitación muy bien y la ubicación genial,el wifi no llega bien a algunas zonas de la habitación,España,"9,0",En familia,Habitación Triple,14/08/2022
292,Jose,Fantástico,todo genial,nada,España,"9,0",En familia,Habitación Cuádruple Deluxe,13/08/2022
293,Paula,calidad precio ubicación buena,espacioso nuevo y parking cómodo con ascensor,todo bien,España,10,En familia,Habitación Triple,12/08/2022
294,Maria,Repetiría,"La cercanía de todo, muchos parking cerca ( de pago)","No tiene buenas vistas, pero es muy cómoda su ubicación.",España,10,En familia,Habitación Familiar,11/08/2022
295,Juan,Fantástico,mucho,nada,España,"9,0",En familia,Habitación Cuádruple Estándar,9/08/2022
296,Juani,Muy bien,habitación muy amplia,que no tuviera opción de parking,España,"8,0",En familia,Habitación Cuádruple Estándar,8/08/2022
297,Antonio,Excepcional,"La ubicacion para hacer compras en Andorra es ideal, y la calle donde esta es tranquila, el desayuno muy bueno y todo muy limpio, la habitacion familiar es muy amplia con dos baños",,España,10,En familia,Habitación Cuádruple Estándar,6/08/2022
298,Susana,"Ideal para familias, buena ubicación","La habitación es muy amplia, ideal para familias y muy buena ubicación.",Nada,España,"9,0",En familia,Habitación Cuádruple Deluxe,5/08/2022
299,Jsalasalamo,"Como siempre, un placer alojarse en este hotel.",La ubicación,La presión de agua,España,"9,0",En familia,Habitación Cuádruple Estándar,2/08/2022
300,Luca,Grande y bien situado,"La habitación para 4 (2 adultos y 2 peques) era perfecta, grande con 2 zonas y 2 baños. Podría valer hasta para 5 porque además de la cama grande había 3 camas individuales.",Las puertas y los muebles son viejos.,España,"9,0",En familia,Habitación Cuádruple Estándar,2/08/2022
301,Ataquito,Buen hotel y personal amable,"La ubicación, el personal y el desayuno.",,España,"8,0",En grupo,Habitación Familiar,1/08/2022
302,Marta,Comodidad,La comodidad de la habitación,"Que no había secador y en recepción nos dijeron que nos subían uno.
Cuando llegamos nos dijeron que teníamos que esperar hasta las 14h pero la habitación ya estaba lista.",España,"9,0",En familia,Habitación Cuádruple Estándar,31/07/2022
303,Salvador,excelente hotel y muy bien situado.,ubicacion y aparcamiento,,España,"9,0",En pareja,Habitación Doble - 1 o 2 camas,31/07/2022
304,Josefina,Mini vacaciones Andorra,Desayuno correcto,,España,"8,0",En familia,Habitación Familiar,31/07/2022
305,Jovaque,Muy bien,"La ubicación perfecta para hacer compras en Andorra. El desayuno buffet està muy bien. Teníamos media pensión y la cena està muy bien, hay variedad de platos y la calidad excelente. El personal muy amable.",Nada que objetar.,España,"8,0",En familia,Habitación Cuádruple Estándar,31/07/2022
306,Alejandro,Excelente hotel para familias,"Excelente habitación muy grande, cómoda y limpia. Camas muy cómodas. Variado y rico desayuno. Instalaciones bien cuidadas. Buena ubicación justo al lado de la calle de las tiendas en Andorra La Vella. Recomendable 100%. Dispone de parking propio a un precio razonable.",Nada,España,10,En familia,Habitación Cuádruple Estándar,29/07/2022
307,Angel,Muy bien,Habitación para dos adultos y dos niños excelente y cómoda. Desayuno muy bueno y variado.,,España,"8,0",En familia,Habitación Cuádruple Estándar,29/07/2022
308,Sergi,Nos hacen sentir como en casa,"todo en general, cada vez que estamos nos hacen sentir como en casa, amables, simpáticos etc… la comida perfecta, en general todo muy bien. Hemos estado un montón de veces y repetiremos seguro…",,España,10,En familia,Habitación Triple,29/07/2022
309,Maria,Muy bien,Desayuno fantástico,No tenia secador de pelo. Un hotel de 4 estrellas tiene de tener secador,España,"8,0",En familia,Habitación Triple,28/07/2022
310,Zorraquino,Muy bien,Muy buena ubicación.,Que estaban en reformas.y estaban los ascensores muy sucios y olis mucho a pintura lo.podruan haber dicho.,España,"8,0",En grupo,Habitación Familiar,26/07/2022
311,Eva,Volvemos seguro!!!,La habitación es muy espaciosa y tiene 2 baños. La situación inmejorable para recorrer la zona comercial si dispones de poco tiempo. Muy tranquilo por lo céntrico que està. Dispone de parking y nos permitieron dejar el coche después de hacer el check out sin coste adicional. El personal muy amable en general.,"Desayuno un poco caro, pero hay una buena cafetería al lado a buen precio.",España,"9,0",En familia,Habitación Cuádruple Deluxe,26/07/2022
312,Sara,Habitaciones amplias y limpias,Habitación enorme y muy limpia,La ducha no tenía para sujetar la alcachofa de la ducha,España,10,En grupo,Habitación Doble - 1 o 2 camas,26/07/2022
313,José,Solo por cenar en el restaurante ya vale mucho la pena ir,"De largo lo mejor la cena en el restaurante. No es bueno, ¡es espectacular! Puede que el mejor restaurante de hotel en el que haya comido o cenado, una maravilla. El desayuno bien pero mucho más normal. El hotel está muy bien ubicado y tiene parking propio. Para tiendear por Andorra muy recomendable. Personal amable y todo muy limpio.",El gimnasio es básicamente zona cardio. Los ascensores no les funcionaban bien especialmente al cogerlos desde el garage. Las vistas dan a una calle normal y no entra mucha luz natural.,España,"9,0",En familia,Habitación Familiar,25/07/2022
314,Marta,Fantástico,La cena y desayuno espectacular,"La hab. Los muebles creo que necesitan cambiar,las toallas estaban sucias.",España,"9,0",En grupo,Habitación Cuádruple Estándar,25/07/2022
315,Meri,Volveremos,Nos ha gustado todo. Habitación grande con dos baños. Camas muy cómodas así como las almohadas. Descansamos muy bien sin ruidos de otras habitaciones. Sin duda repetiremos.,,España,"9,0",En pareja,Habitación Doble - 1 o 2 camas,24/07/2022
316,Angel,Excepcional,"La amplitud, limpieza, cuartos de aseo",Nada,España,10,En familia,Habitación Cuádruple Estándar,22/07/2022
317,Nianjiao,Excepcional,"Personal súper simpáticos y helpful. Lugar muy céntrico, habitación amplia, litera moderna y cómoda. Hay dos baños, la ducha genial.",Nada,España,10,En familia,Habitación Cuádruple Estándar,22/07/2022
318,Idoia,Estupendo,"Muy buena ubicación para compras, Caldea... Habitación familiar enorme, con dos baños y dos tv. Desayuno muy completo y buena calidad. El menú de la cena, espectacular!! Personal tanto de recepción como de comedor muy simpátic@.",Quizás que el parking es muy estrecho y cuesta maniobrar.,España,"9,0",En familia,Habitación Triple,21/07/2022
319,Dunia,Escapada de una noche,"Todo perfecto, la ubicación, la atención, el confort. Esperamos volver pronto.",,España,"9,0",En familia,Habitación Triple,19/07/2022
320,Yolanda,El hotel muy bien ubicado,La limpieza y la ubicación excelentes.,El parking no hay para todos los huéspedes y cuando nosotros llegamos no tuvimos sitio.,España,"9,0",En familia,Habitación Cuádruple Estándar,17/07/2022
321,Miguel,De lo mejor calidad precio,"Las habitaciones, amplias y limpias",Todo me gusto,España,10,En grupo,Habitación Cuádruple Estándar,17/07/2022
322,Gerard82,Muy bien,Nos dieron una habitación que era un pequeño apartamento. Genial y agradezco el detalle.,,España,"8,0",En familia,Habitación Doble - 1 o 2 camas,17/07/2022
323,Baldomero,Fantástico,Desde la llegada el personal muy amable hasta la habitación muy cómoda.,,España,"9,0",En familia,Habitación Familiar,16/07/2022
324,Salvador,Un hotel muy agradable para una buena estancia en familia,"La amplitud de la habitación, la limpieza en general y la amabilidad de todo el personal del hotel
Muy agradable la estancia 
Debería poderse hacer reserva para el aparcamiento en el hotel, hay muchos aparcamientos cercanos pero son muy caros y gestionados solo por máquinas",Podrían estar más tiempo abierta la cafetería y cerrar más tarde el restaurante,España,"9,0",En familia,Habitación Triple,15/07/2022
325,Yolanda,Buena estancia y desayuno,Simpatía y atención del personal recepción,Estábamos en habitación familiar y es desproporcionada la diferencia de tamaño de la habitación doble de la de literas,España,"8,0",En familia,Habitación Familiar,13/07/2022
326,Maria,Increíble estadia,"Staff muy amable, todos dispuestos a ayudarnos y hacernos sentir cómodos. La pieza increíble , muy espaciosa. El hotel está muy bien ubicado, se puede caminar hacia cualquier lugar turístico desde ahí",,Chile,10,En grupo,Habitación Doble - 1 o 2 camas,13/07/2022
327,Jesnat,Recomendado 100%,"La habitación era perfecta, el personal super amable, limpieza A1 una estadía agradable.",Nada que decir.,España,10,En familia,Habitación Triple,13/07/2022
328,Porugueta,Todo un acierto,"Nunca había estado en una habitación de hotel donde hubiera una parte de la habitación separada de otra( estábamos en una habitación cuádruple), con dos baños; por cortesía de la casa nos pusieron bebidas en la nevera, todo un detalle. El desayuno buffet bastante completo. A una calle de las tiendas.",No aconsejo beber agua del grifo. El precio del parking me parece un poco elevado. Hay cositas como en todos lados que se pueden mejorar a nivel de mantenimiento,España,"8,0",En familia,Habitación Cuádruple Estándar,13/07/2022
329,Juslibol,El país de las Montañas y los Teleféricos!!,"Habitación amplia con dos baños, sala de estar y cama cómoda.
Aire acondicionado y mini nevera.
Personal de recepción muy amable, sobre todo la chica de Zaragoza.
Buena ubicación","Se podría mejorar la insonorización , estábamos en la1ª planta y se oía todo el ajetreo de recepción y comedor, 
Hotel un poco anticuado, muebles y puerta del baño mojada porque se sale la ducha para ser un hotel de 4  estrellas.",España,"8,0",En grupo,Habitación Doble - 1 o 2 camas,11/07/2022
330,Alfonso,"MUY RECOMENDABLE PARA CUALQUIERA, LIMPIO, AMPLIO Y BUENOS SERVICIOS A PRECIO INSUPERABLE.","La atención de las chicas de recepción fué increible, nos prestaron todo tipo de información y facilidades, llegamos en moto haciendo la transpirenaica y nos quedamos dos noches alli, nos dejaron meter todas las maletas en consigna hasta que nos marchamos y me gustaría resaltar de nuevo el trato que nos prestaron y la atención por parte de las chicas de recepción durante toda la estancia, sin duda cuando vuelva por Andorra será el hotel en el que me hospede de nuevo.","Si tuvieran parking en el mismo hotel hubiera sido la guinda, pero el publico al que nos enviaron tampoco estaba lejos, es por poner alguna pega, no es una critica, además te hacen descuento yendo de parte del hotel.",España,10,En grupo,Habitación Familiar,10/07/2022
331,Catalina,Excepcional,"Excelentes instalaciones, personal muy amable y una ubicación estupenda!!","No tengo nada que decir, todo fué muy bueno!",Colombia,10,En familia,Habitación Cuádruple Deluxe,8/07/2022
332,Charo,excelentes y amplias habitaciones,Viajo mucho a Andorra y es con diferencia la mejor habitación de hotel q te puedes encontrar,-,España,10,En pareja,Habitación Doble - 1 o 2 camas,8/07/2022
333,García,Excepcional,"Hotel perfecto en todos los aspectos. Quizás el mobiliario puede ser pelín antiguo, pero no importa nada. Para el precio que pagué me pareció un regalo de habitación. Limpísimo, habitación espectacular para 3 personas pero que perfectamente pueden dormir 6 personas, muy amplia con 2 baños y con parking en la otra calle a buen precio. Repetiré sin ninguna duda",,España,10,En grupo,Habitación Triple,7/07/2022
334,Maria,Excepcional,su tranquilidad y silencio,,España,10,En pareja,Habitación Doble - 1 o 2 camas,6/07/2022
335,Bernat,Excelente hotel . Excelente habitación. Excelente personal.,"+Hotel muy bien situado.
+Habitacion muy grande con cama de matrimonio king size muy còmoda. 
+Muy silenciosa
+ personal eficiente y agradable.",,España,10,En pareja,Habitación Doble - 1 o 2 camas,6/07/2022
336,Esperanza,Excepcional,Muy bien ubicado.  Muy limpio. Personal muy atento.  Para repetir,La bañera es muy alta. Dificultad para entrar y salir de ella,España,10,En pareja,Habitación Doble - 1 o 2 camas,5/07/2022
337,Inma,Excepcional,La habitación y la ubicación,,España,10,En pareja,Habitación Triple,3/07/2022
338,Marionna,Excepcional,"un hotel increíble el mejor de Andorra, espaciosa, buena ubicación, personal de 10 y desayuno excepcional, cuando vuelva a Andorra ya sé dónde alojarme :)",todo ok,España,10,En grupo,Habitación Doble - 1 o 2 camas,3/07/2022
339,Behnam,Fantástico,la ubicación y calidad precio,nada que destacar,España,"9,0",Persona que viaja sola,Habitación Doble - 1 o 2 camas,3/07/2022
340,Jaume,Escapada en familia,"Habitación grande, la cena de la media pensión espectacular (menú amplio y de cocina muy elaborada), desayuno muy bien y el personal muy amable.",,España,10,En familia,Habitación Triple,3/07/2022
341,Rocío,Excepcional,"Nos dieron una habitación familiar aunque solo somos 2.Era enorme y espaciosa,con 2 baños completos y otra habitación con 2 literas y zona de estár con sofá.
Colchón comodísimo y con doble almohada.
Bien situado.
Personal muy atento y amable.
El precio fantástico.",Todo perfecto,España,10,En pareja,Habitación Doble - 1 o 2 camas,1/07/2022
342,Jose,Excepcional,El hotel,Todo me gusto,España,10,En grupo,Habitación Triple,1/07/2022
343,Jonathan,Ideal para una escapada,La amplitud de las habitaciones y la limpieza. El personal muy amable.,El aire acondicionado en la habitación hacía mucho ruido,España,"8,0",En familia,Habitación Cuádruple Estándar,28/06/2022
344,Mari,Estancia confortable y para repetir,"Buena ubicación, habitación muy espaciosa y cómoda. Magnífica la atención de las personas de recepción del hotel",,España,"9,0",En pareja,Habitación Doble - 1 o 2 camas,28/06/2022
345,Juan,buena,ubicación,no disponer del parking,España,"8,0",En familia,Habitación Cuádruple Estándar,27/06/2022
346,Rubio,Buena experiencia,"La ubicación, la habitación muy amplia, el baño moderno, todo nuevo.","Falta de iluminación (luces ) en la habitación, aparte de las ventanas.",España,"8,0",En pareja,Habitación Doble - 1 o 2 camas,27/06/2022
347,Laureano,Muy bien.,Ubicación excelente.,Falta de plaza de aparcamiento en el hotel.,España,10,En familia,Habitación Cuádruple Estándar,27/06/2022
348,Alfonso,Estancia muy agradable.,Plaza del parkin un poco corta para los coches actuales.,,España,"9,0",En pareja,Habitación Doble - 1 o 2 camas,24/06/2022
349,José,"Calidad precio, insuperable.  Restaurante muy acogedor en los bajos del hotel.",Estuvimos en una habitación para tres adultos y fué muy cómoda la estancia para los tres.,"No me gustó el parking, era un poco estrecho, pero bueno se podía aparcar bien.  No es muy grande",España,"9,0",En familia,Habitación Triple,23/06/2022
350,Ea2dpc,Fantástico,La habitacion espaciosa y la cama grande y super comoda.,"Se veia un poco trotado, suelo y puertas.",España,"9,0",En pareja,Habitación Doble - 1 o 2 camas,22/06/2022
351,Marcello,Excelente estancia en el hotel.,"Está correctamente ubicado en zona centro. Es muy cómodo, limpieza muy correcta, el personal es muy atento y cordial en el trato. El restaurante  es  muy bueno y con  buenos precios lo que lo hace mejor. Se encuentra en reformas en pisos superiores, no fue ninguna molestia durante el hospedaje, lo hace de forma muy correcta.",,Uruguay,10,En pareja,Habitación Doble - 1 o 2 camas,20/06/2022
352,Sabrina,Fantástico,"Amplitud de las habitaciones, limpieza y atención del personal. Climatización genial",Falta una pequeña estantería en la ducha para poder dejar el gel,España,"9,0",En pareja,Habitación Doble Deluxe,19/06/2022
353,López,Repetiría,Ubicación excelente,,España,"8,0",En pareja,Habitación Doble - 1 o 2 camas,19/06/2022
354,Daniasiermireia,"Alojamiento muy completo, volveremos.","Ubicación, limpieza, dimensiones de habitación, comodidad.",Que en junio en plena ola de calor aún tengan nórdico y ropa de cama como si fuese invierno.,España,"9,0",En grupo,Habitación Doble - 1 o 2 camas,19/06/2022
355,Ambite,excelente,"el hotel, sus habitaciones e instalaciones, y su situación, excelente.",por poner un pero les falta que utilicen protectores impermeables en las almohadas.,España,10,Persona que viaja sola,Habitación Individual,17/06/2022
356,Noemi,Muy buen hotel para ir con amigos o familia,"La habitación super espaciosa, con 2 baños, muy práctico para viajar 4 o 5 adultos.
La ubicación super bien en el centro, se puede llegar andando a todos lados.",En la zona de las literas que está en la puerta de la habitación se podia oir un poco el ruido exterior (abrir y cerrar de puertas),España,10,En grupo,Habitación Cuádruple Estándar,16/06/2022
357,Tamara,magnífica,"el personal amable y atento, la ubicacion es perfecta.
volvere sin pensarlo",,España,"9,0",En familia,Habitación Doble - 1 o 2 camas,15/06/2022
358,Antonio,inolvidable,habitación grande y cómoda,,España,"9,0",En pareja,Habitación Doble - 1 o 2 camas,15/06/2022
359,Jose,Fantástico,TRATO EXCECENTE!- Srta Maricel y muy especialmente la Srta Desirée- (un 10,Nada,España,"9,0",En pareja,Habitación Doble - 1 o 2 camas,15/06/2022
360,Valeriaavidal,Más de lo que esperabamos,"La habitación era muchísimo más grande de lo que esperabamos. También contaba con una habitación con un sofá cama, y el lavabo tenía tanto una ducha independiente como una bañera. Pedimos el parking en recepción y nos costó 18€ (más barato que por aquí, lo cual vale mucho la pena teniendo en cuenta que apenas hay parking por la zona). En relación a calidad - precio ha sido maravilloso. El personal también fue muy amable. Habían un par de artículos de aseo gratis, dos aguas y dos zumos.",,Chile,10,En pareja,Habitación Doble - 1 o 2 camas,14/06/2022
361,Manuel,Excepcional,La ubicacion,,España,10,En pareja,Habitación Doble - 1 o 2 camas,13/06/2022
362,David,Habitación de 4 muy grande y cómoda,"La habitación para 4 personas tiene dos baños, y esto es muy cómodo.",,España,"9,0",En familia,Habitación Cuádruple Estándar,12/06/2022
363,José,Calidad precio genial,"Buena ubicación. Cerca de todo
Habitación confortable",,España,"8,0",En pareja,Habitación Doble - 1 o 2 camas,12/06/2022
364,Miguel,Buen emplzamiento y confort,L atencio recepcionista,,España,10,En pareja,Habitación Doble - 1 o 2 camas,8/06/2022
365,María,Habitación familiar,"La amplitud de la habitación, y el tener dos baños.","Falta de alguna mesa redonda cn sillas, tipo sala de estar, y microondas.",España,"8,0",En familia,Habitación Familiar Deluxe,7/06/2022
366,Isabel,correcta,ubicación,"nos tocó la zona vieja
cosas con deterioro",España,"8,0",En pareja,Habitación Doble - 1 o 2 camas,6/06/2022
367,Lourdes,Estancia positiva,Que tiene 2 lavabos,No haber estado en obras,España,"8,0",En familia,Habitación Cuádruple Estándar,5/06/2022
368,Pedro,perfecta eleccion,su ubicación y la atención del personal,nada,España,10,En pareja,Habitación Doble - 1 o 2 camas,21/05/2022
369,Sheila,Excepcional,"La habitación genial, y la comida del restaurante de 10","Pasamos un poquito de calor en la habitación, por la noche tuvimos que abrir las ventanas.",España,10,En familia,Habitación Cuádruple Deluxe,13/05/2022
370,Jose,Buen hotel en buena ubicación.,"La ubicación es perfecta para ir de compras.
Para los trayectos a las pistas está muy bien ubicado.
El personal muy atento y agradable.","El parking... si tienes un coche grande.. es un poco ""complicado"".
El no poder regular la temperatura de la habitación hace que sea un poco incómodo. Sobre todo si compartes con más gente la habitación.",España,"9,0",En familia,Habitación Familiar Deluxe,12/05/2022
371,Jose_maria,Todo excelente,Parking perfecto,,España,10,En pareja,Habitación Doble - 1 o 2 camas,4/05/2022
372,Susana,Muy bien,"Las habitaciones cuádruples son muy amplias, con dos estancias y dos lavabos.","Pasamos calor por la noche, no supimos como regular la temperatura. La habitación estaba un poco vieja pero muy limpia.",España,"8,0",En familia,Habitación Cuádruple Estándar,2/05/2022
373,Mª,Muy bien,"La ubicación
El trato del personal",Estaban remodelando alguna planta y bueno las molestias propias. Aunque se notaba que limpiaban más porque estaba limpio.,España,"8,0",En pareja,Habitación Doble - 1 o 2 camas,28/04/2022
374,Fernando,Satisfacción 9,La comida y el servicio,,España,"8,0",En familia,Habitación Triple,26/04/2022
375,Carlos,Fantástico,"Habitación extragrande, bien ubicado en pleno centro comercial, desayuno inmejorable.",El parking un poco pequeño.,España,"9,0",En pareja,Habitación Doble - 1 o 2 camas,25/04/2022
376,Raquel,Excelente calidad relación precio con ubicación muy buena.,Habitación muy cómoda y grande. Ubicación perfecta.,La bañera no estaba muy limpia y una almohada manchada en la habitación.,España,"9,0",En familia,Habitación Familiar,22/04/2022
377,Claudiu,Excepcional,Todo,,España,10,En pareja,Habitación Doble - 1 o 2 camas,21/04/2022
378,Roberto,Muy bien,"La amplitud de la habitación y limpieza en la misma, el desayuno completísimo",,España,10,En pareja,Habitación Doble - 1 o 2 camas,19/04/2022
379,Manuel,Muy bien,ubicación,,España,"8,0",En familia,Habitación Triple,19/04/2022
380,Antonio,buen hotel s buen precio,centrico y buena comida.Las habitaciones grandes y limpias,El parking es pequeño,España,"9,0",En familia,Habitación Cuádruple Estándar,18/04/2022
381,Jose,Todo correcto,El personal del restaurante. Profesionales y muy agradables.,El Parking del Hotel( complicadodebido al diseño),España,"8,0",En familia,Habitación Cuádruple Estándar,18/04/2022
382,Raquel,Estancia cómoda,Habitación muy amplia con un baño para los adultos y otro para los niños lo cual es una gran ventaja. Desayuno muy bueno.,Quizá el mobiliario un poco viejo.,España,"8,0",En familia,Habitación Cuádruple Estándar,17/04/2022
383,Ana,Muy bien,"El tamaño de la habitación,  ideal para familias.",Que no te reserven plaza de parking con antelación.,España,"8,0",En familia,Habitación Cuádruple Deluxe,17/04/2022
384,Miguel,Muy bien,Buen trato por parte de los trabajadores. Ubicación inmejorable en pleno centro,"Salieron unos días de calor, y la climatización prácticamente no funcionaba.",España,"8,0",En familia,Habitación Cuádruple Estándar,17/04/2022
385,Alex,Fantástico,"Ubicacion muy bueno ,personal muy amable i toto muy limpio.",Me falto que la television fuera smart tv para poder ver netflix o peliculas por la noche.,España,"9,0",En pareja,Habitación Doble Deluxe,17/04/2022
386,Heidy,Excepcional,Lo céntrico q es,"Excelente hotel, el desayuno muy bueno, el personal del hotel muy amable.",España,10,En familia,Habitación Familiar,14/04/2022
387,Lucila,Muy bien,"La habitación , cómoda y muy amplia . Cama cómoda y ducha excepcional . Muy limpio y cómodo.","La cena , nombres muy enrevesados para acabar comiendo amburguesa de pollo con diferente forma y salsa japonesa por encima . Un fiasco la verdad.
El desayuno muy pobre de cosas calientes y zumo aguado.
Hace años estuve y la comida fue estupenda ,quizás por eso quede tan desilusionada .",España,"8,0",En pareja,Habitación Doble - 1 o 2 camas,12/04/2022
388,Paco,excelente,"espacioso ,limpio.Muy simpáticos,amables.El restaurante excelente.",,España,"9,0",En familia,Habitación Triple,11/04/2022
389,Cristina,Excepcional,Amplitud de las habitaciones,,España,10,En pareja,Habitación Doble - 1 o 2 camas,11/04/2022
390,Maria,genial finde,"calidad precio, ubicacion, nos dejaron agua y zumos en la mini nevera de la habitación como detalle",pagar el parking pero tampoco es un precio muy elevado para lo que hay,España,10,En familia,Habitación Cuádruple Estándar,11/04/2022
391,Raul,Comoda en todos los sentidos.,"Situacion, ampitud,..",Decoracion escasa para la amplitud q tiene la habitacion.,España,"8,0",En pareja,Habitación Doble - 1 o 2 camas,11/04/2022
392,Diana,todo estuvo bien pero el tema de la calefacción fatal,habitación grande y muy cómoda,la calefacción a tope y se pasa mucha calor,España,"8,0",En familia,Habitación Triple,10/04/2022
393,Claudio,hotel confortable con buena ubicación,"muy buen trato del personal , habitación amplia , buen desayuno",todo ok,España,"8,0",En familia,Habitación Triple,7/04/2022
394,Laura,Excepcional,"Nos ha gustado todo. Hotel muy céntrico, la habitación familiar enorme, limpio y bien de precio. Destacamos la amabilidad de todo el personal. Las chicas de recepción excepcionales. Tuvimos un problema exterior con nuestro vehículo y nos ayudaron en todo. De lo mejor que he visto y mira que hemos viajado. Enhorabuena!",Nada,España,10,En familia,Habitación Familiar,6/04/2022
395,Patricia,Genial,"La habitación era muy grande y comoda para ir con niños pequeños.
Nos han dejado en el minibar dos botellitas de agua y dos zumos, ideal para los peques. Un detalle.",,España,10,En familia,Habitación Cuádruple Estándar,3/04/2022
396,Nuria,Muy bien,"habitación muy grande y espaciosa
desayuno muy bien
atención muy agradable",,España,"8,0",En familia,Habitación Cuádruple Estándar,3/04/2022
397,Beatriz,Fantástico,EXCELENTE TRATO DEL PERSONAL,,Andorra,"9,0",En pareja,Habitación Doble - 1 o 2 camas,30/03/2022
398,Eva,Excepcional,La habitación era muy grande . El lavabo tenía bañera y plato de ducha,Me gustó todo mucho.,España,10,En pareja,Habitación Doble - 1 o 2 camas,28/03/2022
399,Miguel,Muy bien,Habitacion amplia y céntrico,"Varias habitaciones en la segunda planta haciendo ruido, como portazos, gritos así las dos noches",España,"8,0",En familia,Habitación Familiar,27/03/2022
400,Loida,Excepcional,"Habitación cuádruple muy grande, camas muy cómodas, 2 baños, todo muy limpio, El desayuno buffet genial, y la cena a la carta muy bien, buenísimo todo. Personal del restaurante muy amables y atentos. Ha sido una estancia de 10. Repetiremos sin duda!!",,España,10,En familia,Habitación Cuádruple Estándar,27/03/2022
401,Christophe,Excepcional,Todo es un placer la gente el cervicio muy agradable si tendria que volver seria en etes,,Andorra,10,En pareja,Habitación Doble - 1 o 2 camas,21/03/2022
402,Sergim92,Muy bien,"Habitación grande, personal muy amable y el restaurante muy bueno",Nada,España,"8,0",En pareja,Habitación Doble - 1 o 2 camas,21/03/2022
403,Jorge,muy bueno,limpieza y atención,todo perfecto,España,"8,0",En familia,Habitación Familiar,20/03/2022
404,Mar,Excelente alojamiento,"Ha sido fabuloso, buen servicio, gran hospitalidad y buenas instalaciones.
El desayuno nos ha encantado. Volveremos pronto",,España,10,En familia,Habitación Cuádruple Estándar,20/03/2022
405,Ana,Ubicación excelente,La ubicación y el restaurante,No habían plazas de parking libres,España,"9,0",En familia,Habitación Cuádruple Estándar,19/03/2022
406,Carla,Un fin de semana ideal en pareja,"Sí, mucho",que después del servicio de habitaciones aun había suciedad en la habitación,España,"9,0",En pareja,Habitación Doble - 1 o 2 camas,17/03/2022
407,Anna,Relax sin wifi,Habitacion amplitud,Fallo continuo de la wifi,España,"8,0",En familia,Habitación Cuádruple Deluxe,14/03/2022
408,Judit,Muy cómodo y agradable.,Habitaciones muy amplias y cómodas.,La moqueta estava un poquito sucia.,España,"9,0",En grupo,Habitación Doble - 1 o 2 camas,14/03/2022
409,Marta,Estancia tranquila,La habitación grande y bastante silenciosa. La cama muy cómoda. Habitación limpia y bebidas de bienvenida. El personal amable.,"Desayuno escaso. Calidad flojita. La mampara del baño muy abierta, peligro de resbalar.",España,"8,0",En pareja,Habitación Doble - 1 o 2 camas,14/03/2022
410,Sandra,"Excepcional estancia, para repetir","La habitación muy grande y con dos baños me encantó, el servicio de Restaurante espectacular. El personal Magnifico. Repetiré sin duda.",Las camas y almohadas no eran muy cómodas.,España,"9,0",En familia,Habitación Triple,14/03/2022
411,Sònia,Fantástico,La amabilidad en recepción,"Se nos cayo un objeto detrás de la cama y al separarlos de la pared encontramos pañuelos usados, y basura.",España,"9,0",En familia,Habitación Cuádruple Estándar,13/03/2022
412,Vicenta,hotel cómodo para esquiar y céntrico,"situación, amplitud de la habitación, relación calidad-precio","poca presión de agua en la ducha
calefacción por aire en lugar de por radiadores(que los hay)",España,"8,0",En familia,Habitación Cuádruple Deluxe,13/03/2022
413,Jordi,La habitación más grande en la que hemos estado,"La habitación cuádruple es inmensa, con dos estancias separadas y cada una con su TV y su baño completo. La cama muy cómoda y el desayuno muy correcto",,España,10,En familia,Habitación Triple,13/03/2022
414,Laura,Genial. Repetiría seguro.,La ubicación y la comodidad.,El desayuno estaba correcto aunque para mi gusto estaba corto de opciones.,España,10,En grupo,Habitación Doble - 1 o 2 camas,10/03/2022
415,Carlos,Muy bien,"esta muy bien situado, la limpieza es de 10 y el personal de recepción de 10! las habitaciones son enormes","después de 3 veces en exe prisma, veo un deterioro en las instalaciones, las puertas están bufadas de la humedad del baño que pierde la dicha por todas partes, el mantenimiento deja muchísimo que desear, un 4 estrellas debe ofrecer habitaciones impecables, si es por el tamaño de la habitación es un 10, por sus instalaciones es un 4, la valoración seria que de no renovarse el hotel bajarlo a 3 estrellas.",España,"8,0",En pareja,Habitación Doble - 1 o 2 camas,8/03/2022
416,Marta,Fantástico,habitaciones grandes para dormir con los niños en la misma habitacion,precio del desayuno,España,"9,0",En familia,Habitación Cuádruple Estándar,7/03/2022
417,Santiago,Buena opción,Muy bien situado. Habitación grande y cómoda. Personal amable,"El precio por dos noches algo elevado pero entendible siendo fin de semana. El desayuno al no estar incluido en el precio también elevado, menos mal que hay varias cafeterías cerca",España,"9,0",En familia,Habitación Cuádruple Deluxe,6/03/2022
418,Laia,Buena estancia,Personal y alojamiento excelente,Todo correcto,España,10,En pareja,Habitación Doble - 1 o 2 camas,6/03/2022
419,Alberto,Buena opción.,"Muy cómodo, en el centro, con parkig,  habitación enorme y muy agradable. Desayuno muy bueno. Recomendable.una buena opción.","El menú es un poco repetitivo si vas ha estar varios días. Si eres más  de verdura, vas ha andar justo.",España,"9,0",En pareja,Habitación Doble - 1 o 2 camas,3/03/2022
420,David,Fantástico,"Ubicación
Restaurante 
Parquing","En la página web decía que habían dos televisores, uno en cada habitación y solo había una.",España,"9,0",En familia,Habitación Cuádruple Estándar,1/03/2022
421,Singla,Excepcional,"Nos gustó mucho el Hotel, habitación muy amplia con dos baños, la comida muy buena i el personal muy amable. Todo perfecto.",El acceso al parquinq,España,10,En pareja,Habitación Cuádruple Deluxe,25/02/2022
422,Silvia,Fantástico,La amplitud de las habitaciones,Tendrían que pintar un poco las puertas y los marcos de las habitaciones… por lo demás todo genial,España,"9,0",En familia,Habitación Cuádruple Estándar,25/02/2022
423,Sergi,Excelente ubicación,"Ubicación céntrica al lado de calle peatonal. Habitación amplia y cómoda.
Desayuno completo y también probamos el restaurante para cenar y nos gustó mucho.","El baño estaba bien, tenía ducha y bañera, pero como punto a mejorar, el agua se salía tanto de la ducha como también de la bañera.",España,"9,0",En pareja,Habitación Doble - 1 o 2 camas,24/02/2022
424,David,Maravilla,"La cama enorme, super cómoda, hacia tiempo que no dormia tan bien","Me ha gustado todo, no me puedo quejar de nada",España,10,En pareja,Habitación Doble Deluxe,22/02/2022
425,Josep,Fantástico,Bien todo el hotel,Que habia  poca luz en las habitaciones .pero puede pasar,España,"9,0",En pareja,Habitación Cuádruple Estándar,21/02/2022
426,Eduardo,"Muy recomendable,ubicacion perfecta y tranquila.",Ubicación.,"El Sistema de TV ,el hotel debe comprar TV nuevos que puedan recibir señal TDT en HD,lo del adaptador es una solución no acorde con el resto del Hotel.",España,"8,0",Persona que viaja sola,Habitación Doble - 1 o 2 camas,21/02/2022
427,Eva,Lo tiene todo,"La amplitud de las habitaciones, la restauración es magnífica",,España,10,En familia,Habitación Cuádruple Deluxe,20/02/2022
428,Demetrio,VOLVEREMOS,"La calidad precio muy optimizado.
La cercanía y profesionalidad muy buena. 
El restaurante vale mucho la pena, muy buena calidad.",,España,"9,0",En pareja,Habitación Doble - 1 o 2 camas,20/02/2022
429,Jose,Excepcional,habitaciones perfectas para ocupacion de 3,,España,10,En grupo,Habitación Triple,19/02/2022
430,Vanesa,Muy bien,Su ubicación y su cercania a Caldea,"Muy usado todo, muy rayadas las mesitas",España,"8,0",En pareja,Habitación Doble - 1 o 2 camas,19/02/2022
431,Vanesa,Muy bien,"La ubicación muy bien, y la cercania a caldea",Mucho uso de las instalaciones.,España,"8,0",En pareja,Habitación Doble - 1 o 2 camas,19/02/2022
432,Pilar,Muy bien,"esta cerca la zona comercial , caminas un par de minutos  y a la vez tranquilo  y con posibilidad de aparcamiento en el hotel y en proximidad.
destaco la amabilidad del personal y que tienen un buen restaurant, excelente,  donde comer , cenar y desayunar.",nada,España,"8,0",Persona que viaja sola,Habitación Individual,16/02/2022
433,Nuria,Estupendo,Buena ubicación. Personal amable. Restaurante muy bueno y bien de precio. Y la habitación tenía como dos partes cada una con su baño. Muy grande.,Nada,España,"8,0",En familia,Habitación Triple,15/02/2022
434,Pulgarml,Una buena opción para el centro,"La disposición del equipo del hotel para ofrecernos la mejor habitación posible segun lo que habiamos pedido.
La ubicación
La mujer de pelo rizado de recepción muy amable!","Los zumos del desayuno bastante mejorables. 
Distribución/decoración de la habitación mejorable",España,"9,0",En pareja,Habitación Doble - 1 o 2 camas,14/02/2022
435,Ester,Comodidad y atención del personal de 10,La atención del personal de recepción. Tuvimos un problema personal y fueron extremadamente amables.,,España,10,En familia,Habitación Cuádruple Estándar,14/02/2022
436,Yo,Recomendable,"Todo, habitaciones muy grandes, cama grande y cómoda, almohadas cómodas, personal muy amable, teníamos media pensión y tanto el desayuno como la cena de 10, cerca de caldea y de zona comercial. Volveremos en futuros viajes.",Nada,España,10,En familia,Habitación Triple,13/02/2022
437,Yo,Recomendable,"Todo, habitaciones muy grandes, cama grande y cómoda, almohadas cómodas, personal muy amable, teníamos media
 pensión y tanto el desayuno como la cena de 10, cerca de caldea y de zona comercial. Volveremos en futuros viajes.",Nada,España,10,En familia,Habitación Doble - 1 o 2 camas,13/02/2022
438,Andres,Excepcional,Todo,nada,España,10,En pareja,Habitación Doble - 1 o 2 camas,10/02/2022
439,Jordi,Todo muy correcto,muy bien y miy limpio,nada,España,"9,0",En familia,Habitación Cuádruple Deluxe,7/02/2022
440,Angeles,Gran hotel para compartir la habitación con la familia.,La amplitud de la habitación con dos baños y el desayuno.,"La organización de las plazas del garaje. Hay coches pequeños en plazas grades y coches grades en plazas pequeñas que obstaculizan el movimiento dentro del mismo.
La mampara de la bañera dejaba salir el agua fuera de la misma y se inundaba el baño.",España,"8,0",En familia,Habitación Cuádruple Estándar,1/02/2022
441,Marcos,Muy bien,"La señorirta que nos atendió en recepción , no era demasiado agradable .",,España,"8,0",En familia,Habitación Cuádruple Deluxe,1/02/2022
442,Marc,Excepcional,"Atención, instalaciones, ubicación y cena","Desayuno: poca oferta de dulce con chocolate (napolitanas y donetes bañados de bollería industrial y baja calidad). Zumo de naranja no natural y sabor mejorable (como que quiere ser un Granini pero ni llega). Por 12,50 euros me esperaba algo mas",España,10,En pareja,Habitación Doble Deluxe,31/01/2022
443,Fina,Muy buena experiencia,"Céntrico, personal recepción majísimos, habitación (éramos  4) súper amplia con dos baños, cama 2 m, literas supercómodas y limpio, muy limpio. No se puede pedir más.",,España,10,En grupo,Habitación Cuádruple Deluxe,31/01/2022
444,Alba,Genial para ir con niños o en familia,"Desayuno muy bien, habitación, situación, parking…todo genial.",,España,10,En familia,Habitación Triple (2 adultos + 1 niño),30/01/2022
445,Jordi,Fantástico,"Habitacion amplia, personal muy amable",,España,"9,0",En pareja,Habitación Doble - 1 o 2 camas,30/01/2022
446,Miriam,Buena ubicación pero un poco caro,"Nos dieron una habitación muy grande, supongo que por disponibilidad. Buena ubicación y limpio. Buen desayuno.","Quizas deberian renovar el moviliario, los recepcionistas que fueran más alegres, hotel un poco aburrido.",España,"8,0",En pareja,Habitación Doble - 1 o 2 camas,29/01/2022
447,Arnau,repetiría,habitaciones y desayuno,deberían dar con prioridad plaza de parking a los clientes del hotel.,España,10,En pareja,Habitación Doble Deluxe,28/01/2022
448,Oriol,Muy bien,Hotel con mucha limpieza y amplitud como puntos más positivos.,"Como nota negativa, pero es generalizada en muchos hoteles , exceso de temperatura en la habitación , hace imposible un buen descanso, por el resto recomendable.",España,"8,0",En familia,Habitación Triple,27/01/2022
449,Victor,"Si volvemos a viajar a Andorra, cogeremos el mismo hotel",La habitacion era muy amplia y comoda,"Por decir algo malo, la variedad del desayuno, pero estaba todo genial",España,10,En pareja,Habitación Doble - 1 o 2 camas,26/01/2022
450,Trizgaga,Genial con pequeños fallos.,"La habitación increíble, grande y fabulosa. La comida y la cena espectaculares.","El desayuno un poco pobre, pero puedes desayunar bien, el mobiliario del hotel, en lo referente a habitaciones estaba un poco tocado, deberían arreglarlo y las almohadas muy blandas para mi gusto, con una poco con dos, demasiado.",España,"8,0",Persona que viaja sola,Habitación Individual,26/01/2022
451,Francisca,Para repetir.,"Cama grande comoda . Amplitud de habitación. Limpieza exquisita, detalle de agua y zumos en nevera. TV  muy grande y detalles para hacer más comoda la estancia.Gran relacion calidad precio",El parking estaba completo,España,"9,0",En pareja,Habitación Doble - 1 o 2 camas,25/01/2022
452,Alex,Amabilidad y ubicacion . Habitaciones confortables. Sin duda repetiremos,La amabilidad con la que nos trataron y la ubicacion,La “coliflor” de las duchas deberian empezar a canviarse y la mampara deberia cubrir más espacio ;cae mucha agua fuera y es algo incomodo,España,"9,0",En familia,Habitación Cuádruple Estándar,24/01/2022
453,Antonio,Cumple su cometido.,"Acceso rápido, habitaciones muy grandes.
En el centro.","Es un hotel tipo “negocios” pero pequeño.
No tiene vistas (esperable al ser tan centrico).
Parking 18€ la noche,aunque por lo menos tiene.",España,"8,0",En familia,Habitación Familiar,22/01/2022
454,Sara,Genial.,"Habitaciones super grandes.
Agua y zumos de bienvenida gratis.
Cerca de la calle comercial (1minuto andando)",,España,10,En pareja,Habitación Doble - 1 o 2 camas,22/01/2022
455,Eduardo,Buena,la ubicación,nada,España,"9,0",En pareja,Habitación Doble - 1 o 2 camas,22/01/2022
456,Dapamago,Confort en el centro,"Nos sorprendió la cena que entraba con la media pensión. Constaba de un primero, segundo y postre todos muy bien elaborados. la bebida no estaba incluida. Del desayuno lo más flojo el café. La ubicación genial está al lado de la calle principal de Escaldes, ideal para ir andando a Caldea o a las tiendas.",La lentitud para poder utilizar en algunos momentos el ascensor (incluso el personal de la limpieza utiliza los mismos que los clientes cuando hay uno en especial con llave para el personal).,España,"8,0",En familia,Habitación Triple,20/01/2022
457,Marly,Excelente,Excelente,,Estados Unidos,10,En familia,Habitación Cuádruple Deluxe,19/01/2022
458,Genís,Muy bien,"La habitacion es muy grande, la ducha se veia nueva, y los trabajadores muy simpaticos.
El buffet desayuno parecia pequeño pero tiene de todo.","Por poner una pega, el agua de la ducha no sale con mucha fuerza",España,"9,0",En pareja,Habitación Doble Deluxe,17/01/2022
459,Sara,Muy bien,El tamaño de la habitación.  Que tenga dos baños. El desayuno muy bueno.,.,España,"8,0",En pareja,Habitación Doble - 1 o 2 camas,16/01/2022
460,Pavel,Excepcional,"Todo fenomenal, las habitaciones grandes, personal super amable y simpatico. Dispone de parking. Vovlería...",,España,10,En pareja,Habitación Doble - 1 o 2 camas,16/01/2022
461,Acacio,Fantástico,Todo. La habitación y el desayuno muy completo,,España,"9,0",En pareja,Habitación Doble - 1 o 2 camas,14/01/2022
462,Rosa,hotel bien situado en el centro y muy cómodo y limpio,"Ubicación excelente a 5m a pie de Caldea y las tiendas, las comidas muy bien. No hay problema para aparcar xq hay varios parquins muy cerca","El wifi, en la 5a planta, no funcionaba muy bien.",España,"9,0",En familia,Habitación Cuádruple Deluxe,12/01/2022
463,Alejandro,muy buena!,personal y localizacion,,España,"9,0",En pareja,Habitación Doble - 1 o 2 camas,11/01/2022
464,Sandra,Excepcional,Fantastico,,España,10,En pareja,Habitación Doble - 1 o 2 camas,9/01/2022
465,Josep,relax,su ubicación,falta de conectividad wiffi en las habitaciones,España,"8,0",En familia,Habitación Cuádruple Estándar,9/01/2022
466,David,Excepcional,"Todo perfecto, buena Ubicación, personal muy amable y habitaciónes muy buenas y comodas",,España,10,En grupo,Habitación Cuádruple Estándar,9/01/2022
467,Isabel,TOTALMENTE ACONSEJABLE,"Todo fué genial, en cuanto al desayuno hubo una época excelente, variedad, en todos los aspectos, en la actualidad se nota bastante una reducción importante.",,España,10,En pareja,Habitación Doble - 1 o 2 camas,7/01/2022
468,Carmen,Bien,Muy cómoda la habitación y perfecta ubicación,,España,"7,5",En familia,Habitación Cuádruple Estándar,4/01/2022
469,Aosta,muy buena estancia,habitaciones amplias. Posibilidad de cuádruple muy cómoda,parking insuficiente. tuvimos que buscar uno fuera del hotel y muy caro.,España,"8,0",En familia,Habitación Cuádruple Deluxe,4/01/2022
470,Mariano,Excepcional,"La ubicación, la habitación en general. Cómoda y amplia.",,España,10,En pareja,Habitación Doble - 1 o 2 camas,3/01/2022
471,Alma,Excepcional,"Todo!!
El personal muy atento y amable, dispuesto a hacer tu estancia más agradable. 
La habitación un 10....eramos 4 y estuvimos muy amplios. 
Las camas y las almohadas muy cómodas. 
El hotel está muy limpio y tiene muy buena ubicación. 
Sin duda...repetiremos",,España,10,En pareja,Habitación Cuádruple Estándar,3/01/2022
472,Antonia,Fantástico,"Ubicación,. La habitación era enorme y con dos baños.","La limpieza no era perfecta. No dejaban las camas hechas, sobre todo con las literas era muy incómodo",España,"9,0",En familia,Habitación Cuádruple Deluxe,2/01/2022
473,Monica,Muy bien,La ubicación,La luz que entra por las ventanas y el ruído,España,"8,0",En familia,Habitación Triple,31/12/2021
474,Jose,recomendable 100%,"ubicación estupenda, habitación súper amplia y cómoda y desayuno buenísimo. todo perfecto",,España,10,En familia,Habitación Familiar,31/12/2021
475,Rocio,muy bien ubicado,ubicación y la habitación muy amplia (cuádruple),"la habitación parece bastante antigua: muebles y suelo gastados…
que no reserven parking",España,"8,0",En familia,Habitación Cuádruple Estándar,31/12/2021
476,Cristina,Volveremos,La verdad que esta bastante bien el hotel en si pero tendrían que mejorar el mobiliario es bastante antiguo.En cuanto la cena felicidades al chef 👏estaba todo muy rico aunque el salmón un poco seco pero bienn..en cuanto me llegó el postre se me olvidó todo 🤩El limón pie es excelente tanto el arroz con calamares 🦑 🔝 .Las gambas marinadas 🎯riquísimas..un acierto total las mezclas de sabores era genial.El desayuno ha estado bien aunque para un hotel de 4* creo que podría mejor un poco . El personal de la recepción súper amable y los camareros del restaurante también…,,España,"8,0",En familia,Habitación Cuádruple Estándar,30/12/2021
477,Alves,Excepcional,"Somos una familia de tres y hay dos baños en la habitación, excelente",,España,10,En grupo,Habitación Triple,29/12/2021
478,Estefania,muy bueno calidad precio,instalaciones ubicación,,España,"9,0",En grupo,Habitación Cuádruple Estándar,29/12/2021
479,Isni,Muy bien,"Una de las chicas de recepción para estar cara al publico, un poco desagradable,. Pedi cama extragrande y no fue lo que nos encotramos. Lo demas correcto y ubicación muy bien.",caracter chica recepción,"Abjasia, ​Georgia","8,0",En familia,Habitación Cuádruple Deluxe,29/12/2021
480,Marga,Perfecta,"La ubicación perfecta, cerca del centro pero no en medio. No desayunamos en el hotel. El aparcamiento es de pago.",,España,"9,0",En familia,Habitación Familiar,29/12/2021
481,Roger,Fantástico,La habitación,,España,"9,0",En familia,Habitación Cuádruple Estándar,29/12/2021
482,Maria,Excepcional,"Excelente ubicación, habitación súper amplia, el personal muy amable.",,España,10,En familia,Habitación Cuádruple Estándar,29/12/2021
483,Cristina,Muy bien,La habitación es muy amplia y tiene bastante armario. Tambien hay un pequeño recibidor el cual puedes cerrar la puerta y minimiza mucho si hay ruido exterior.,"Los muebles y las puertas están en mal estado.
Solo hay el espejo del baño y es pequeño",España,"8,0",En pareja,Habitación Doble - 1 o 2 camas,26/12/2021
484,Calomarde,Recomendable al 95%,"la habitación muy amplia , nos ha encantado",la wifi no llega bien a la habitación se cortaba por las noches,España,"9,0",En pareja,Habitación Doble - 1 o 2 camas,24/12/2021
485,Caarla16,Muy bien,"La ubicación es muy buena, al lado del centro.
La habitación muy grande y limpia.","El wifi no llegaba bien a las habitaciones
En el baño no habia escobillas
También se escuchaba bastante el ruido del exterior...",España,"8,0",En pareja,Habitación Doble Deluxe,21/12/2021
486,Mariano,Muy corta pero muy activa..,"La ubicación era muy buena, ya que esta a 30 metros de la calle central y no tiene perdida--El desayuno opcional y muy variado, de self service--los productos muy frecos y el personal muy agradable--","todo era perfecto--la estancia muy corta por el regreso al trabajo, pero aun así nos hubieramos quedado mas tiempo--ya que el personal es muy cualificado...y da gusto repetir en un lugar donde te reciben con los brazos abiertos...",España,10,En familia,Habitación Cuádruple Estándar,20/12/2021
487,Josep,Muy bien,El aparcamiento estaba lleno pero en recepción nos indicaron otras opciones cerca del hotel,"Tuvimos problemas con la calefacción por aire, hacía mucho calor",España,"8,0",En familia,Habitación Cuádruple Estándar,20/12/2021
488,Hanae,la habitación es perfecta,la habitación súper grande y muy limpia,,España,10,En familia,Habitación Cuádruple Estándar,20/12/2021
489,Eduardo,Satisfactoria de acuerdo con mis expectativas.,"La ubicación muy céntrica, y la calidad - precio del restaurante.","El precio del parking por día, me costo un 35% del importe de la reserva.",España,"9,0",En pareja,Habitación Doble - 1 o 2 camas,20/12/2021
490,Jose,Excepcional,"ubicación perfecta , parking en frente muy barato más que el del hotel y la comida muy buena",,España,10,En pareja,Habitación Doble - 1 o 2 camas,20/12/2021
491,Antonio,"Muy bien hotel, con muy buena habitación","La amplitud de la habitación y la claridad de esta, gracias a su gran ventana",Las camas no eran muy cómodas. Al menos en la que yo dormí,España,"8,0",En familia,Habitación Triple,19/12/2021
492,Aleix,"Excelente, ningún aspecto a mejorar",Me pareció perfecto en todos los aspectos. Habitación recién reformada. Muy espaciosa,No hay nada que no me haya gustado,España,10,En grupo,Habitación Cuádruple Deluxe,19/12/2021
493,Cristina,EXCELENTE UBICACIÓN y RESTAURANTE,La amplitud de las habitaciones y la comida,La falta de plazas de parking y que no se pueda reservarlas.,España,10,En grupo,Habitación Cuádruple Estándar,19/12/2021
494,Yaiza,Recomendable 100%,"La verdad que nos gustó todo, es la tercera vez que estamos en este hotel y super bien, el personal fantastico, las habitaciones geniales y la comida delux",Si tengo que poner una pega es que el wifi no llegaba bien a la habitación,España,"9,0",En pareja,Habitación Doble - 1 o 2 camas,18/12/2021
495,Mireia,Hotel espectacular.,"Nos encantó la habitación, muy amplia y limpia. Además de la comida del restaurante espectacular. Personal muy atento y amable y genial ubicación.",Nada. Todo genial,España,10,En pareja,Habitación Doble - 1 o 2 camas,14/12/2021
496,Sergio,Buen alojamiento para familias,"La situación es muy buena y la habitación familiar está muy bien, estando juntos los niños tiene su cuarto de baño aparte de la parte de la cama doble, una buena idea",,España,"8,0",En familia,Habitación Familiar,12/12/2021
497,Fouad,Fantástico,La ubicacion,,Marruecos,"9,0",En familia,Habitación Familiar Deluxe,12/12/2021
498,Jose,Fantástico,"Ubicacion idonea, habitaciones amplias y comodas. Personal muy atento","No poder aparcar en el parking del hotel, por falta de sitio.",España,"9,0",En grupo,Habitación Doble - 1 o 2 camas,12/12/2021
499,Clara,Muy bien,"La ubicación, muy céntrico.","la parte del bufet del desayuno era pequeña, había poco espacio y se acumulaba la gente.",España,"8,0",En pareja,Habitación Doble Deluxe,11/12/2021
500,Marta,"Su ubicación y calidad precio, seguro que volveremos","El  tamaño de la habitacio impresionante
El desayuno correcto
Trato amable del personal",Las almohadas no son muy comodas,España,"8,0",En pareja,Habitación Doble - 1 o 2 camas,11/12/2021
501,Jesús,Me ha gustado la estancia y volvería sin duda,Todo en general,Y el personal muy atento,España,10,En pareja,Habitación Doble Deluxe,10/12/2021
502,Raquel,Muy correcto,Las habitaciones y el restaurante,,España,"9,0",En pareja,Habitación Doble - 1 o 2 camas,10/12/2021
503,Olga,"El hotel es de 10! Estancia muy agradable, cenas de lujo, trato exquisito. Volveremos.","Me encantó el hotel, muy nuevo, limpio y muy bien ubicado, zona tranquila, pero próxima a la zona comercial y Caldea. Destacar especialmente la comida, las cenas fueron espectaculares (el chef realiza platos de alta cocina). El desayuno también estuvo muy correcto. Y también destacar la atención de los camareros, especialmente de Lucio que fue muy amable en todo momento. Lo recomendaré sin duda y volveré seguro.","En la habitación hacía excesivo calor para dormir, y no se puede regular la temperatura. También que haya pocas plazas de aparcamiento en el hotel y nos obligara a irnos a uno público por el que pagamos un importe desorbitado.",España,"9,0",En familia,Habitación Cuádruple Deluxe,9/12/2021
504,Cristina,Estancia agradable,"Que era tranquilo,habitaciones muy amplias,la comida buena y su ubicación.",Nuestra habitación particularmente era una cuádruple y queriamos estar todos juntos y nos tocó dormir separados tipo habitáculo en la entrada tipo hall en dos literas.,España,"8,0",En familia,Habitación Cuádruple Estándar,6/12/2021
505,Pascual,Genial,ubicación y la enorme habitación,,España,"9,0",En pareja,Habitación Doble - 1 o 2 camas,6/12/2021
506,Jesica,Confortable y tranquilo,"Muy acogedor y limpio, muy bien ubicado para moverse por el centro. Nos dieron una habitación superior.",Todo estuvo correcto.,España,10,En grupo,Habitación Doble - 1 o 2 camas,3/12/2021
507,Jenni,Hotel muy recomendable,Las habitaciones son muy grandes y espaciosas. Estan muy limpias y se puede descansar muy bien. Está muy cerca de la zona comercial. El personal és muy atento y agradable. És la tercera vez que nos alojamos en este hotel y sin duda si volvemos Andorra será nuestra primera opción.,,España,10,En familia,Habitación Cuádruple Estándar,2/12/2021
508,Raquel,Muy buena como siempre!!,"Parking disponible antes del checkin.
Desayuno muy bueno, variado y amplias horas.
Habitación y servicios muy buenos
Repetimos cada año que viajamos Andorra, en plena avenida Meritxell",Hubiéramos preferido hacer el checkin un poco más pronto cuando llegamos para dejar maletas pero al dejarnos disponer del parking nos pareció buena alternativa.,España,10,En pareja,Habitación Doble - 1 o 2 camas,30/11/2021
509,Raquel,Buen hotel,Me gusto que pedi una cama grande y me la dieron. Tambien nos dejaron dejar el coche despues del cheek out hasta las 15h.la habitacion muy grande y reformada,El parking pequeño.,España,"8,0",En pareja,Habitación Doble Deluxe,30/11/2021
510,Diaz,Muy bien,Las habitaciones nuevas como sale en la foto,"La habitación que me dieron  al principio, suerte que lo solucionaron rapido",España,"8,0",En pareja,Habitación Doble - 1 o 2 camas,28/11/2021
511,Jose,Fabuloso,Excelente,,España,10,En pareja,Habitación Doble Deluxe,28/11/2021
512,Mªcarmen,Muy bien,Cama comoda y grande.Todo estaba muy bien.,El cafe del desayuno,España,"8,0",En pareja,Habitación Doble - 1 o 2 camas,27/11/2021
513,Alexandre,Excepcional,"La habitación y la atención del personal de recepción, muy agradables.",El WiFi no llegaba a toda la habitacion,España,10,En pareja,Habitación Doble - 1 o 2 camas,22/11/2021
514,Oscar&mary,Finde espectacular,"La ubicación y la limpieza. La media pensión desayuno-cena ,el desayuno buffet todo muy bueno y de buena calidad. La cena , tipo carta ESPECTACULAR 😍, unos platos de alta cocina increíble y buenísimo. El trato de los camareros muy cercano y educados. Repetiremos en nuestra próxima visita Andorra!",Nada. Todo perfecto!,España,10,En pareja,Habitación Doble Deluxe,22/11/2021
515,Cristina,Muy bien,Amplitud de las habitaciones,Las vistas,España,"8,0",En grupo,Habitación Familiar Deluxe,22/11/2021
516,Teresa,Hace años que vamos,"la atención de todo el personal, sobretodo del restaurante y la amplitud de las habitaciones.",la iluminación de las habitaciones demasiado tenues,España,10,En familia,Habitación Familiar,21/11/2021
517,David,Siempre repetimos!,Habitaciones enormes con literas. Ideal si vas con niños.,,España,10,En familia,Habitación Doble - 1 o 2 camas,21/11/2021
518,Vanesa,Habitación,"La habitación era grande y comoda
La comida estaba genial tanto el desayuno como la cena. Los camareros muy majos, si les preguntabas te aconsejaban sitios que visitar
El hotel estaba en muy buena localización
Las camas eran muy cómodas y los baños estaban muy bien","Las tarjetas para abrir la puerta y encender la luz iba un poco mal.
Lo único que la cena es un menú y si te quedas muchos días (6 nosotros) se hace un poco repetitivo.
Hubo un malentendido con el parking pero lo solucionaron sin problema.",España,10,En pareja,Habitación Doble - 1 o 2 camas,21/11/2021
519,Lucia,Sitio idóneo para pasar unos días.,"Trato agradable, estancia muy cómoda. La comida muy buena.",,España,"9,0",En pareja,Habitación Doble Deluxe,19/11/2021
520,Montse,Perfecta.,El desayuno es buenisimo. Todo lo que hay és de muy buena calidad.,Nada. He ido en varias.ocasiones y volvere a ir.,España,10,En pareja,Habitación Doble - 1 o 2 camas,19/11/2021
521,Francisco,Fantástico,La cena y el desayuno. La atención del personal.,El baño le hace falta una renovación.,España,"9,0",En pareja,Habitación Doble - 1 o 2 camas,19/11/2021
522,Roberto,Muy bien,"la amplitud de la habitación, el baño con dos duchas, la cama enorme","ubicación fantástica para andar, pero para ir en coche no tan bien, el wifi fatal, apenas llegaba cobertura a la habitación",España,"8,0",En pareja,Habitación Doble - 1 o 2 camas,18/11/2021
523,Xavier,comodidad,"Ubicación, calidad & precio, personal",,España,"9,0",En familia,Habitación Doble - 1 o 2 camas,18/11/2021
524,Maria,"Instalaciones muy comodas, desayuno muy completo y café buenisimo! Muy céntrico.","El desayuno muy completo,cafe buenísimo y comida muy variada.",Me gustó todo.,España,10,En pareja,Habitación Doble - 1 o 2 camas,18/11/2021
525,Gabriela,Fantástico,"habitación muy espaciosa, perfecta para ir en familia",,España,"9,0",En familia,Habitación Doble - 1 o 2 camas,18/11/2021
526,Sandra,Fabuloso,"Hotel céntrico ideal para pasar unos días en pareja o familia, habitaciones enormes y muy bien equipadas. Segunda vez que vengo y siñeguramente repetire",,España,"8,8",En familia,Habitación Doble Deluxe,15/11/2021
527,Esther,Tranquilidad,"El desayuno excelente 
Los camareros de la zona de desayuno muy, muy amables","Podrían mejorar el tema habitación, éramos 3 y nos dieron una habitación para 5. Lo incomodo en esta caso es que uno durmió en una litera.",España,"8,0",En familia,Habitación Triple,15/11/2021
528,Jose,Breve pero intenso,"Siempre que vamos a Andorra, venimos a este hotel, porque nos encanta la situacion, la amplitud de las habitaciones, el personal... Gracias","En esta ocasión nos quedamos sin parking, estaba todo lleno y los parkings exteriores mas cercanos, tambien. Como sugerencia, tener parkings disponibles para cubrir demandas, aunque fuese en el hotel de enfrente, plazas alquiladas. Gracias",España,10,En grupo,Habitación Doble - 1 o 2 camas,14/11/2021
529,Erica,Excelente,"Ubicación perfecta, habitación grande, preciosa y de diseño, pero lo mejor la cena: cogimos media pension y fue cena de menú, calidad espectacular. Un 10 los cocineros",,España,10,En pareja,Habitación Doble - 1 o 2 camas,14/11/2021
530,Hugo,Fantástico,Las almohadas eran demasiado duras,,España,"9,0",En pareja,Habitación Doble Deluxe,14/11/2021
531,Osorio,Fantástico,El personal muy amable y el desayuno y cena muy bien.,,España,"9,0",En familia,Habitación Familiar Deluxe,14/11/2021
532,Cristina,Genial,La comodidad de las camas y sus habitaciones,,España,"9,0",En grupo,Habitación Doble - 1 o 2 camas,12/11/2021
533,Hal05,Excelente.,Ubicación. La habitación perfecta. Y una relación calidad/precio inmejorable.,Las plazas de parking un poco pequeñas. Deberían mejorar la calidad del WIFI.,España,"9,0",Persona que viaja sola,Habitación Doble - 1 o 2 camas,12/11/2021
534,Silvina,Fantástico,"Muy bien atendidos por el personal del hotel. Habitaciones muy amplías y muy limpio todo. La ubicación del hotel es perfecta, para dejar el coche en el parking del hotel y moverse andando por la Ciudad.
Es la segunda vez que reservó y no decepciona",,España,"9,0",En grupo,Habitación Doble - 1 o 2 camas,11/11/2021
535,Alexandre,sin sorpresas,La habitación espaciosa y muy tranquila sin ruidos.,"servicio de bar, complicado servicio de bar para tomar una copa.",España,"8,0",En pareja,Habitación Doble Deluxe,11/11/2021
536,Ricardo,Muy bien,Las cenas y el trato del personal fue excelente.,Falta de mantenimiento o de un cambio de mobiliario en habitaciones.,España,"8,0",En familia,Habitación Doble - 1 o 2 camas,9/11/2021
537,Carme,"Excelente,","Desayuno correcto.
Ubicacion perfecta",Parking muy caro,España,10,En pareja,Habitación Doble - 1 o 2 camas,7/11/2021
538,Paqui,Un hotel muy recomendable,"Un hotel muy céntrico , la habitación muy grande y limpia , dos cuartos de baño , y tengo que recomendar el restaurante el menú super bueno y la atención de los camareros una chica y un chico muy amables y simpáticos , volveremos seguro",,España,10,En familia,Habitación Cuádruple Estándar,6/11/2021
539,Rosa,Muy bien,Todo perfecto,,España,"8,0",En grupo,Habitación Triple,5/11/2021
540,Ricardo,Excepcional,"La ubicacion es ideal,cerca de Caldea y de la calle de las tiendas,Cenas buenisimas y tambien el desayuno,personal muy atento y simpatico.Volveremos seguro.",No tengo queja,España,10,En pareja,Habitación Doble Deluxe,4/11/2021
541,Jose,Perfecto,La habitación,Nada,España,10,En pareja,Habitación Doble Deluxe,3/11/2021
542,Judith,Aceptable pero mejorable,"La ubicación. La amplitud de la habitación, el desayuno, las instalaciones, la comodidad y tranquilad de la suite en la que nos alojábamos. La cama 200x200 muy cómoda pero las almohadas podrían ser mejor.","El suelo de la entrada de la habitación estaba un poco levantado, es parquet y estaba bufado y en mal estado. Los marcos de las puertas estaban también en mal estado y bufados por la parte de abajo.
Los muebles, no son los de las imágenes, al menos los de la suite que nos tocó, estaban picados, bufados y la “piel” del reposa pies del sofá estaba bastante mal y con partes deshechas. Las juntas del baño están como sucias o bien antiguas y habían goteras en la parte de la bañera, cuando la habitación de arriba se duchaba aparecían las goteras en el techo del baño encima de la bañera…",España,"8,0",En pareja,Habitación Doble - 1 o 2 camas,2/11/2021
543,Lejud,10 en Andorra,La atención los trabajadores del restaurante,Nada negativo,España,10,En pareja,Habitación Doble Deluxe,1/11/2021
544,Monica,Fantástico hotel y magnífica ubicación.,La Habitación cuadruple muy grande y equipada.,Todo bien.,España,10,En familia,Habitación Cuádruple Estándar,1/11/2021
545,Amadeu,Muy bien,Habitación muy grande,,España,"8,0",En pareja,Habitación Doble - 1 o 2 camas,1/11/2021
546,Maria,Muy bien,"La habitación amplia y cómoda. 
Todo muy limpio.",No tiene alguna zona para niños.,España,"8,0",En familia,Habitación Triple (2 adultos + 1 niño),30/10/2021
547,Andrea,Fantástico,"La amabilidad del personal de cocina.
La amplitud de la habitación, mucho más grande de lo que imaginábamos.",,España,"9,0",En familia,Habitación Doble - 1 o 2 camas,30/10/2021
548,Manel_montcada,El personal del hotel te hace la estancia agradable.,"El tamaño de la habitación y el desayuno. En cuanto a la cena, teníamos media pensión, fue correcta. Menú variado aunque algunos platos no nos gustaron.","El menú de la cena, aunque variado, se repetía todos los días y claro, cuando haces una reserva para 5 días, te cansas un poco de ver siempre lo mismo.
El aparcamiento es de los MUY complicados para entrar y salir, pero ya lo conocía de otras ocasiones. Es más bien caro (18 €/día), aunque en Andorra, ya se sabe.
Las habitaciones muy grandes, pero comienzan a estar desactualizadas. Requieren un cambio de parquet, pintura y puertas, especialmente la de los baños.",España,"8,0",En pareja,Habitación Doble - 1 o 2 camas,29/10/2021
549,Jalcanizcid,Buen Hotel y precio ajustado.,"Habitación extra grande, la mia con cama doble y dos literas + sofa cama y dos baños, uno con bañera y el otro con ducha.","Nada, a sido perfecto.",España,10,Persona que viaja sola,Habitación Individual,27/10/2021
550,Javier,Camarera anticatalanes,La habitación es muy grande y es ideal para ir con niños.,Teníamos media pensión durante la cena la camarera hizo un comentario muy despectivo hacia el catalán y los catalanes. Aunque hable en castellano soy catalán. Yo no pienso volver.,España,"8,0",En familia,Habitación Cuádruple Estándar,25/10/2021
551,Alberto,Fantástico,Comida,La cama,España,"9,0",En pareja,Habitación Doble - 1 o 2 camas,23/10/2021
552,Sofía,Me encantó,"Grand variedad de desayuno,muy agradable la camarera,persona muy educada e amable",No havia zumo natural d naranja,Andorra,"9,0",En grupo,Habitación Doble Deluxe,22/10/2021
553,Ana,Volveremos!,"Ubicación excelente, muy cerca de la zona comercial y a 5 minutos a pie de Caldea. La habitación familiar enorme, para 4 personas  con dos zonas diferenciadas e incluso dos cuartos de baño. Limpia y la cama comodísima. 
Es la tercera vez que vamos y sin duda volveremos a repetir.","Por poner una pequeña pega, el buffet del desayuno algo escaso de variedad, pero de buena calidad. Y el parquing es caro, pero es algo ya esperable cuando vas a Andorra.",España,"9,0",En familia,Habitación Cuádruple Deluxe,17/10/2021
554,Manel,Excepcional,El mobiliario necesita una actualización.,"Amplitud espacio, limpieza, ubicación.",España,10,En familia,Habitación Cuádruple Estándar,17/10/2021
555,Montse,Excepcional,El buffet del desayuno un poco justo la zona donde está ubicado,,España,10,En familia,Habitación Cuádruple Deluxe,17/10/2021
556,Maria,Excepcional,Muy buena Jun te,,España,10,En grupo,Habitación Triple,16/10/2021
557,John,Super!,"Nada, todo perfecto","Personal muy amable
Super habitación, enorme y todo en muy buen estado.
Elementos de cortesía variados
Desayuno excepcional
Very friendly staff
 Super room, huge and everything in very good condition.
 Assorted courtesy items
 Exceptional breakfast",España,10,En familia,Habitación Familiar,15/10/2021
558,Elena,Excepcional,"Habitación muy grande y silenciosa, cama muy cómoda, muy buena situación y parking en el mismo hotel. Cuando llegamos no había plazas de garaje disponibles pero al ir en moto nos dejaron aparcar igualmente en un hueco sin coste adicional.
El detalle en la habitación de agua y zumo.",,España,10,En pareja,Habitación Doble - 1 o 2 camas,12/10/2021
559,Albert,Hotel perfecto para familias,"Las habitaciones son espectaculares,  limpias grandisimas,  y las camas son muy cómodas,   para ir con niños tiene dos espacios en la misma habitación cada uno con su lavabo separado por un pasillo  , el hotel está en el centro y es genial genial para ir  de compras , la atención del personal es excelente tanto del recepcionista como del personal de sala , mención especial a Ana de la sala comedor un encanto ,  decir también que la comida es excelente.",No tengo pegas,España,"9,0",En familia,Habitación Cuádruple Deluxe,12/10/2021
560,Fernando,Fantástico,La amplitud de la habitación,Que no tuviese una sala para ver la tele o tomar una copa relajado,España,"9,0",En familia,Habitación Cuádruple Deluxe,12/10/2021
561,Susana,Repetiría si tuviera que volver,"Poca claridad al estar en una calle con edificios tan altos, es la única pega",,España,"9,0",En familia,Habitación Cuádruple Estándar,12/10/2021
562,Laura,Fantástico,"Desayuno fantástico, quizás no muchísima variedad pero sí calidad.",,España,"9,0",En pareja,Habitación Doble - 1 o 2 camas,11/10/2021
563,Mjose,Excepcional,Es muy céntrico y lo tienes todo al alcance. Las habitaciones muy ampias y perfectas para ir con niños,.,España,10,En familia,Habitación Familiar,9/10/2021
564,Julio,"Hotel muy correcto, cómodo y muy céntrico.... pero denota cierta falta de mantenimiento,.","Desayuno muy correcto y variado, parquing en el mismo edificio excelente y muy buena ubicación. Doble baño, uno para la habitación grande y otro para la pequeña del niño, grata sorpresa. Doble litera habitación entrada de niños.","Apreciamos cierta falta de mantenimiento del baño principal. La mampara corredera no sella bien y al ducharse se produce un aguacero fuera; en este sentido la puerta de acceso al baño está totalmente deteriorada como consecuencia de este aspecto. No se entiende que, la ducha del baño pequeño de la habitación del niño esté completamente sellada por una mampara entera y la bañera del baño principal sea de una media mampara mal sellada y mal instalada o con absoluta desidia de mantenimiento. Mobiliario de la habitación muy desgastado. Tratándose de un Hotel de esta categoría, estos aspectos deben mejorar.",España,"8,0",En familia,Habitación Triple,7/10/2021
565,Marian,Gran Hotel. Habitaciones enormes.,"Su ubicación, sus habitaciones, su personal…. Fue un auténtico descubrimiento. Siempre viajo en familia y en la mayoría de hoteles estamos hacinados en las familiares. Esto era un pequeño piso, 2 grandes habitaciones y dos baños. Las camas COMODÍSIMAS, los niños tenían su propia tele, teníamos sitio para todas las maletas… en fin. Un 10","Quizás el desayuno excesivamente caro, somos 7 y pagar 70 euros a diario es demasiado. Deberían plantearse algún tipo de bono familiar.",España,10,En familia,Habitación Familiar Deluxe,27/09/2021
566,Jesus,Excelente.....muy recomendable,Todo estuvo muy bien. habitaciones increíbles (muy grandes) desayuno super completo y el personal muy agradable y el restaurante muy recomendable con un personal agradable y profesional,,España,"9,0",En pareja,Habitación Doble - 1 o 2 camas,25/09/2021
567,Ester,Excepcional,"Todo en general, me encantaron los platos ofrecidos en la cena.",No hay nada que no me gustara,España,10,En familia,Habitación Familiar,23/09/2021
568,Simó,Excepcional,Mas dimensiones y la comodidad de la habitacion,,España,10,En familia,Habitación Doble - 1 o 2 camas,19/09/2021
569,Angels,Confortable y bien situado,"Ubicación muy buena, ya que esta cerca del centro de Escaldes y.la calle es tranquila y no ruidosa.
Las camas don cómodas y los espacios amplios y acogedores.","La habitación que está junto a la puerta escucha todo lo que pasa en el rellano, con lo cual resulta difícil el descanso",España,"8,0",En familia,Habitación Familiar,19/09/2021
570,Eva,Muy bien,"El alojamiento está bien todo correcto.
Mi queja es que si este hotel está cerrado por obras / covid o por el motivo que sea te informen antes que te mandaran al Exe princep , también de la cadena  y a poco menos de 1 km cuyo importe aunque no sea una cantidad abusiva es menor en la web y te apliquen dicho importe.",,España,"8,0",En familia,Habitación Doble - 1 o 2 camas,14/09/2021
571,Isabel,"Confortable, limpio, comida excelente y buena ubicación.","Ubicación excelente, cerca de la avenida principal y Caldea, así  como de la salida de Andorra la Vella, las plazas de aparcamiento un poco justas pero nosotros llevabamos un peugeot 5008 y se aparcó muy bien.
Nuestra estancia fue media pensión. El desayuno excelente y la cena a elegir entre diferentes platos fue excelente, la comida muy buena. Los niños comieron muy bien.
Destacar que el personal de 10, desde recepción hasta el personal del restaurante muy profesional y atento.","No tengo nada que comentar, todo fue genial y si volviera a Andorra repetiría en este hotel.",España,10,En familia,Habitación Familiar Deluxe,11/09/2021
572,Raúl,"Perfecto, habitación ideal para familias. Excelente ubicación",Calidad precio y ubicación,,España,"8,0",En familia,Habitación Familiar,8/09/2021
573,Silvia,Fantástico,Insonorización,No hay bar,España,"9,0",En pareja,Habitación Doble Deluxe,6/09/2021
574,Esther,Fantástico,La amplitud de la habitación cuádruple.,"Por poner una pega, hacía calor en la habitación",España,"9,0",En familia,Habitación Cuádruple Estándar,31/08/2021
575,Gemma,Muy bien,Que es amplio  las habitaciones  para 4 son grandes. Ubicacion genial para ir de compras y al caldea andando.,"No tiene piscina , el restaurante es algo caro.",España,"8,0",En familia,Habitación Cuádruple Estándar,31/08/2021
576,Eva,Perfecto en familia,Siempre venimos a este hotel por la ubicación y por la comida que es impresionante y el trato exquisito,El wifi no nos llegaba bien en la habitación.,España,"9,0",En familia,Habitación Familiar,30/08/2021
577,Tomás,Cómoda estancia en Familia,"La habitación enorme, con dos dormitorios y dos cuartos de baño. El desayuno buffet muy variado y el personal muy amable. Además, a 1 minuto andando de la calle principal. El único ""pero"" que puedo poner es que el primer día no tuvimos párking pero el segundo se quedaron plazas libres y pudimos meter el coche pero vamos, esto para mi no resta puntos ya que todo lo demás estuvo de 10.","Nada, todo estuvo bien",España,10,En familia,Habitación Cuádruple Estándar,30/08/2021
578,Marta,Genial la habitación familiar,"La habitación muy cómoda para 4, dos adultos y dos adolescentes; los 2 baños y dos televisores han sido una sorpresa muy agradable. El desayuno correcto y la ubicación genial para las compras",Nada,España,"8,0",En familia,Habitación Cuádruple Estándar,29/08/2021
579,David,Excepcional,El trato familiar del personal en todos los sentidos . La humildad como trabajan la atención generalizada . La dedicación en un esfuerzo por superarse día a día .,El parking un poco justo para coches grandes,España,10,En familia,Habitación Doble - 1 o 2 camas,28/08/2021
580,Javier,Muy bien ubicado.,Habitación enorme. Muy céntrico.,Estado general de la habitación y mobiliario no en las mejores condiciones.,España,"8,0",En pareja,Habitación Doble - 1 o 2 camas,28/08/2021
581,Xavier,Recomendable,Su ubicación cerca del centro y fácil salida hacia otros lugares del país,No tenían plazas suficientes para dejar el vehículo. La primera noche tuve que dejar el coche en un parking público de pago.,España,"9,0",En familia,Habitación Cuádruple Estándar,26/08/2021
582,Esther,muy bien!,"ubicación perfecta y el desayuno nos pareció muy bien, repetiríamos sin problema, además al estar solo dos días no pudimos utilizar el restaurante para cenar y nos quedamos con las ganas ya que las referencias son muy buenas, si regresamos lo probaremos.","no nos gustó únicamente que no se puede reservar el parking, entendemos que hay más habitaciones que plazas pero pienso que deberían permitir que el cliente que se aloja tenga la opción de reservar plaza mientras haya disponible y no reservar sujeto a disponibilidad y no saber hasta que llegas si tienes o no plaza, por lo demás un 10, y parking enseguida que quedó disponible pudimos traer nuestro vehículo.",España,"9,0",En familia,Habitación Cuádruple Deluxe,25/08/2021
583,Eladio,Fantástico,Habitacion increible muy comoda,,España,"9,0",En pareja,Habitación Doble - 1 o 2 camas,25/08/2021
584,Gisela,Muy bien,"El desayuno es de los más completos que he visto. Tenías calidad y variedad.
La ubicación perfecta. En 2 min están en la calle peatonal con todas las tiendas y restaurantes","Las plazas de aparcamiento eran complicadas de maniobrar  por su estrechez y poca capacidad
Lo que menos me ha gustado han sido las almohadas, súper finas y sin cuerpo",España,"8,0",En grupo,Habitación Doble - 1 o 2 camas,25/08/2021
585,Estrella,"Habitación enorme, muy bien ubicado",La habitación supercómoda con sala de estar y bañera y ducha,Nada,España,10,En pareja,Habitación Doble - 1 o 2 camas,25/08/2021
586,Gustavo,Buen hotel y muy profesionales.,"El personal del comedor, muy amables y grandes profesionales, muy atentos en cada momento","La habitación estaba poco iluminada,",España,"9,0",En pareja,Habitación Doble - 1 o 2 camas,24/08/2021
587,Carlos,Estancia perfecta en Andorra,"Nos dieron una habitación mas grande que la reservada, con dos baños. Muy acogedor y tranquilo, con vistas a la calle. El desayuno era simplemente espectacular. De buffet. Tienen parking propio y la calidad del wifi es buena.",,España,10,En grupo,Habitación Doble - 1 o 2 camas,23/08/2021
588,Garcia,Muy bien,El desayuno buffet y la cena en el restaurante.,El personal del restaurante super amables y profesionales.,España,"8,0",En familia,Habitación Cuádruple Estándar,23/08/2021
589,Maria,Fantástico,"Lo mejor la ubicación y la cocina del restaurante.
Habitación amplia y cómoda",,España,"9,0",En familia,Habitación Cuádruple Deluxe,23/08/2021
590,Luis,Fantástico,La ubicación,Difícil aparcamiento,España,"9,0",En familia,Habitación Cuádruple Deluxe,20/08/2021
591,Jefar,Excepcional,Muy buena ubicación y habitaciones amplísimas,No encontré nada que no me gustase,España,10,En familia,Habitación Cuádruple Estándar,20/08/2021
592,Pepi,Escapada en familia para repetir,"Buena ubicación, trato amable y profesional desde recepción. Aparcamiento correcto.","Que no hubiese cobertura de Wifi, pero desde recepción nos dieron la solución.
Que la televisión no estuviese sintonizada pero vinieron rápidamente de mantenimiento y lo solucionaron.",España,"8,0",En familia,Habitación Cuádruple Estándar,17/08/2021
593,Eduard,"Habitación perfecta para cuatro, con dos lavabos y cuatro camas","Atención buenisima por todos los empleados, desayuno muy bien, relacion calidad precio muy buena, habitación perfecta para cuatro, dos camas individuales, litera y dos lavabos",,España,"9,0",En familia,Habitación Cuádruple Estándar,16/08/2021
594,Mar,Buen hotel para ir con niños,Muy buena habitación para ir con niños. Desayuno magifico.,El parquing del hotel estaba completo y tuvimos que buscar parquing publico,España,"8,0",En familia,Habitación Cuádruple Estándar,15/08/2021
595,Eva,Excelente,La ubicación excelente y la habitación superó expectativas.El hotel hizo caso a peticiones en sobremanera,No funcionaba el gimnasio por COVID.Muchas columnas en el aparcamiento,España,"9,0",En familia,Habitación Cuádruple Estándar,15/08/2021
596,Roser,Muy buena experiencia,"El personal del hotel es muy amable, sobretodo el personal del restaurante.  La comida es excelente, mucha variedad y muy buena calidad. Zona muy tranquila a pesar de estar muy céntrico. Repetiremos",El primer día cuando llegamos no había parking disponible y no lo puedes reservar con antelación,España,10,En familia,Habitación Cuádruple Estándar,14/08/2021
597,Enrique,Habitaciones grandes y confortables,"Las habitaciones son muy grandes, incluso con dos lavabos las de 4 personas. El personal es muy amable y atento. El desayuno es bueno y la cena es excelente. La ubicación es muy céntrica a menos de 10 minutos de la Avenida de Meritxell y a una manzana de la Avda. de Carlemany.",No tiene bar y la distancia social en el comedor es mejorable.,España,"9,0",En familia,Habitación Triple,14/08/2021
598,Gonzalez,Tranquilidad.,"El servicio y atención del personal de restauración es inmejorable
La calidad de la comida es muy buena, tanto en desayuno como en la cena","La carta para cenar era siempre la misma, aunque había gran variedad para elegir
El precio de la bebida, en especial café e infusiones es un poco alto",España,"8,0",En familia,Habitación Triple,13/08/2021
599,David,Excelente estancia y trato del personal,Excelente trato del personal,El wifi no llegaba a todas las estancias de la habitación,España,"9,0",En familia,Habitación Triple,13/08/2021
600,Jose,Excepcional,Amplio limpio i comodo !!!,,España,10,En pareja,Habitación Doble - 1 o 2 camas,12/08/2021
601,Jonah,Fantástico,"Cena sublime, desayuno muy bien",Que no tienen parking estaba lleno,España,"9,0",En familia,Habitación Cuádruple Deluxe,12/08/2021
602,Lara,fantastica,"las grandes habitaciones muy cómodas a muy buen precio, los lavabos y las duchas estupendas. La ubicación es excelente.",,España,"9,0",En grupo,Habitación Cuádruple Estándar,11/08/2021
603,Angel,Fantástico,La cena espectaculat,Muy bueno,España,"9,0",En pareja,Habitación Doble - 1 o 2 camas,9/08/2021
604,Carlos,Fantástico,La limpieza de todas las instalaciones,El cuchicheos de las empleadas de restauración,España,"9,0",En familia,Habitación Triple,8/08/2021
605,Marta,Fantástico,Habitación amplia y cómoda. Buena ubicación.Desayuno buffet muy completo.,Difícil aparcamiento en la zona.,España,"9,0",En familia,Habitación Familiar,7/08/2021
606,Lucía,Excepcional,"Habitación muy limpia y completa, un lujo tener dos servicios.
Desayuno muy bueno.
Atención del personal muy buena.",,España,10,En familia,Habitación Triple,7/08/2021
607,Alberto,Muy bien,Tamaño habitación,Plazas garage pequeñas y descuidadas,España,"8,0",En pareja,Habitación Doble - 1 o 2 camas,6/08/2021
608,Enrique,Muy bien,No tenemos costumbre de desayunar en los hoteles por la gran cantidad q ofrecen.,Todo bien.sitio céntrico  y habitación nueva,España,"8,0",En familia,Habitación Triple,5/08/2021
609,Elisabet,Excepcional,Muy bien ubicado,En algun sitio había polvo,España,10,En pareja,Habitación Doble - 1 o 2 camas,3/08/2021
610,Marisa,Muy bien,"La ubicación. Fácil de encontrar, muy próximo a la zona comercial y a 5 minutos andando a Caldea.  Habitación muy espaciosa.
Desayuno muy correcto y cena también pero teniendo en cuenta que es a la carta.","Desde booking se ofrecía cena por 17 euros pero esta información no es correcta. En la confirmación de la reserva  que remite el hotel  no constaba este dato y la cena es exclusivamente a la carta.
Por otro lado, como habia leido previamente en los comentarios, las plazas del parking son pequeñas pero teniendo en cuenta como están los aparcamientos en Andorra pues es lo normal.",España,"8,0",En familia,Habitación Cuádruple Estándar,2/08/2021
611,Albert,Muy bien,"Desayuno variado 
Buena ubicación
Amabilidad del personal",Mala cobertura WiFi en nuestra habitación. En el resto de zonas ok,España,"8,0",En familia,Habitación Cuádruple Estándar,2/08/2021
612,Saray,Genial,"Llegamos pronto y nos dejaron meter el coche en el parking mientras dábamos una vuelta. Nos dieron la habitación una hora antes y estaba muy limpia y muy grande. Fuimos a cenar y todo muy rápido y muy bueno,el desayuno igual. La ubicación excelente,fuimos a caldea y nos dió tiempo de ir al hotel y volver a caldea para el espectáculo,está a 5 min andando.",Nada,España,10,En familia,Habitación Triple,2/08/2021
613,Carolina,Muy bien,"La ubicación, la amplitud de las habitaciones y el personal fantástico.",Respecto a otros años hemos detectado un envejecimiento del mobiliario. (deteriorados y rotos),España,"8,0",En familia,Habitación Cuádruple Estándar,1/08/2021
614,Anna,Fantástico,Muy centrico y habitaciónes muy amplias!!,,España,"9,0",En familia,Habitación Cuádruple Estándar,29/07/2021
615,Clara,Excelente relación calidad- precio,Excelente relación calidad-precio. Muy buena ubicación.,El check-in es un poco tarde.,España,"9,0",En pareja,Habitación Doble - 1 o 2 camas,22/07/2021
616,Esther,Muy bien,No tener plaza de aparcamiento,,España,"8,0",En pareja,Habitación Doble - 1 o 2 camas,22/07/2021
617,Mariano,Volveremos...,"La atencion rápida de sugerirnos un taxi hasta la estacion fue muy positiva, tanto el personal del hotel como de restaurante, muy positivo, todo perfecto","yo hubiera añadido un antideslizante, tanto en la bañera como en el plato de ducha--",España,10,En familia,Habitación Cuádruple Estándar,19/07/2021
618,Chari,Confort,Muy buena ubicación. Ideal para ir con niños. Zona muy tranquila.,El parking muy justo .,España,"8,0",En familia,Habitación Cuádruple Estándar,18/07/2021
619,Esther,Muy bien,"El personal, la comodidad de las instalaciones y el desayuno.",,España,"8,0",En familia,Habitación Familiar,17/07/2021
620,Iratxe,"Ubicación  excelente,  parking descubierto y cubierto  muy cerca del hotel, la calle principal  al.l",Ubicación  muy buena,Nada,España,"9,0",En familia,Habitación Cuádruple Estándar,14/07/2021
621,Silvina,Fantástico,"Ubicación y atención del personal (sobre todo la recepcionista de la mañana).
Habitación muy cómodas y espaciosas.","Mejoraría la iluminación del baño sobre todo. Todo lo de más, según lo esperado",España,"9,0",En familia,Habitación Triple,5/07/2021
622,Alicia,Fantástico,"Ideal para familias numerosas, somos 5. La habitación tiene dos baños y dos estancias. Muy amplia.
Desayuno y cena genial.",No poder reservar el parking.,España,"9,0",En familia,Habitación Familiar,4/07/2021
623,Jose,Excepcional,"Personal muy profesional y muy amable , poder saludar a Joao que lleva muchos años en el Hotel , excelente trabajador y  persona",,España,10,En familia,Habitación Triple,4/07/2021
624,Maria,Genial,"La amabilidad del personal, la habitación muy confortable, la comida de la media pensión excelente y el buffet del desayuno muy bien","En las indicaciones de Booking dan a entender que tiene un parquing descubierto gratis y uno cubierto de pago y no tienen descubierto, ellos dicen que nunca lo han tenido.",España,10,En familia,Habitación Triple,27/06/2021
625,Alejandra,Muy bien,La ubicación y la amabilidad del personal. La cama cómoda.,"El wifi era muy débil y la mayor parte del tiempo no funcionaba nos quedábamos sin señal. Le hace falta un poco de reforma, pero ya estaban en ello. Estaban haciendo obras.",España,"8,0",En pareja,Habitación Doble - 1 o 2 camas,28/05/2021
626,Jorge,Descansar y desconectar.,Las habitaciones son grandes y la cama muy comoda. La recepcion fue de lo mas correcta y amable.,"Solicitamos media pension porque cenar en Andorra es bastante engorroso ya que, la mayoria de los restaurantes son de comida rapida, pero la comida que nos sirvieron en el restaurante del hotel tiene todos los calificativos para no volver. Hubieramos comido mejor en un Mc Donal's.",España,"8,0",En pareja,Habitación Doble - 1 o 2 camas,24/05/2021
627,Sophia,Todo excelente,"Todo,está increíble el lugar,cerca del centro y la atención es maravillosa",Todo me gusto,España,10,En familia,Habitación Triple,9/05/2021
628,Ursula,Fantástico,Las habitaciones son grandes y cómodas,La mampara del baño grande y poca luz,España,"9,0",En pareja,Habitación Doble - 1 o 2 camas,8/05/2021
629,Josep,Fantástico,tot,que no poguessis reserva parking,España,"9,0",En pareja,Habitación Doble - 1 o 2 camas,8/05/2021
630,Joan,Excelente ubicación,Habitación doble con habitaciones grandes y con baño en cada una de ellas.,Era un día de frío y la calefacción no funcionaba,España,"8,0",En familia,Habitación Familiar,5/05/2021
631,Jonatan,Descubrimiento positivo,"Habitación grande
Ubicación buena
Personal amable",,España,10,En pareja,Habitación Doble - 1 o 2 camas,8/04/2021
632,Judith,Repetiremos seguro 👍,"La habitación. Contando que solo la entrar, reservamos un noche más. La atención muy buena.","Por poner algo, las plazas de parking.",España,"9,0",En familia,Habitación Triple,4/04/2021
633,Sunamis,Sin dudas repetiremos.,La habitación tenía un tamaño grande y muy confortable.,nada,España,"9,0",En familia,Habitación Triple,15/03/2021
634,Blas,Muy bien,Relación calidad/precio excelente.,"La televisión no funcionaba. No importa ya que no la utilizamos, pero es un hecho.",España,"8,0",En pareja,Habitación Doble - 1 o 2 camas,14/03/2021
635,Rafael,Muy bien,"todo ok, habitación amplía y cómoda, desayuno tipo picnic muy completo",todo ok,España,"8,0",En grupo,Habitación Individual,9/03/2021
636,Mercè,Bien,No desayuné,Estuve poco tiempo,España,"8,0",Persona que viaja sola,Habitación Doble - 1 o 2 camas,7/03/2021
637,Jose,Semana de esquí,La habitación muy limpia y grande. El trato del personal fue fabuloso el camarero JOAO  un 10. Muy bien organizado las medidas COVID y lo mejor de todo el trato q dieron a una persona celiaca q viajo en el grupo.,El agua tenía un olor raro y la mampara de la ducha se salía el agua.,España,"9,0",En grupo,Habitación Doble - 1 o 2 camas,25/02/2021
638,Juan,SITUACION Y PRECIO/CALIDAD,Ubicacion perfecta para mis necesidades.,,España,10,Persona que viaja sola,Habitación Doble - 1 o 2 camas,9/02/2021
639,María,Personal a destacar,Destacaría el personal: muy atento y amable. Habitación muy amplia. Todo realmente limpio y agradable. Sin duda repetiría.,Habitaciones sin vistas,Finlandia,"9,0",En pareja,Habitación Doble - 1 o 2 camas,31/01/2021
640,Daniel,Muy bien,"Nos gusto la situación del hotel,el apartamento estaba bonito y grande ideal para una familia .","Nos falto productos de limpieza ya que el apartamento estaba dotado de lavavajillas, lavadora.Y luego en las habitaciones no había tele y el el comedor principal pasamos de una tele de 55 pulgadas a una de 32 porque se estropeo y no vinieron a arreglar nada.",España,"8,0",En familia,Apartamento,14/01/2021
641,Claudia,Todo perfecto,"Un trato espectacular, la habitación muy limpia, camas cómodas, la calefacción un 10 no pasamos frio en toda la noche.
El hotel muy bien ubicado.",Lo único que falla es la mampara de la ducha que se sale un poco el agua.,España,10,En pareja,Habitación Doble - 1 o 2 camas,7/01/2021
642,Dolors,Excepcional,"La atención recibida en el comedor, con una gran organización tema covid. La amabilidad de tod@s sus componentes.",Nada,España,10,En pareja,Habitación Doble - 1 o 2 camas,6/01/2021
643,Fernando,Cómoda y confortable con amplio espacio.,Todo está con falta de renovación.,,España,"8,0",En pareja,Habitación Doble - 1 o 2 camas,6/01/2021
644,Magda,Genial 👍,La habitación parece un apartamento .2 baños y una litera aparte de la cama enorme .limpio y muy limpio recomiendo el restaurante teníamos media pensión la comida un 10 todo  casero .los postres espectaculares me gustó todo.y el desayuno nada de bollería industrial todo casero los camareros un 10 muy atentos.es un muy buen hotel lo recomiendo todo cerca,El parking un poco pequeño,España,"9,0",En familia,Habitación Triple,6/01/2021
645,Pol,Muy buena relacion calidad precio,Relacion calidad precio y ubicacion. La habitacion era muy amplia,"No nos gusto el trato de la recepcionista y el recepcionista el primer dia.
Buffet libre escaso",España,"8,0",En pareja,Habitación Doble - 1 o 2 camas,5/01/2021
646,Artur,Fantástico,"Las habitaciones limpísimas, amplias y confortables. Personal atento y amable, como en anteriores ocasiones. Hotel ideal para familias.","Las lógicas limitaciones por el Covid, que a su vez son una garantía de una estancia segura.
El desayuno un poco complicado dado el reducido tiempo para realizarlo y las esperas necesarias. 
En verdad, todo estupendo.",España,"9,0",En familia,Habitación Doble - 1 o 2 camas,4/01/2021
647,Xavier,bien,ubicación,El ruido que hace el aparato de aire acondicionado,España,"8,0",En familia,Habitación Cuádruple Estándar,4/01/2021
648,Enric,HOTEL MUY CÉNTRICO CON PERSONAL MUY PROFESIONAL.,"La zona del hotel es muy céntrica, con dificultad para aparcar pero ofrecen aparcamiento en el hotel.
La zona es muy tranquila, ya que esta situado en la calle paralela al centro y no hay ruido.
El personal del hotel (sobretodo el personal del comedor) es muy simpático y amable.","La ducha perdía agua y encharcaba el lavabo.
La calefacción por mucho que estuviera apagada, hacía mucha calor en la habitación.
No es culpa del hotel, pero el comportamiento de varios turistas franceses dejan mucho que desear y nadie les llamó la atención.",España,"8,0",En pareja,Habitación Doble - 1 o 2 camas,1/01/2021
649,Ferrangm,Excelente Ubicación,"Hotel en pleno centro de Andorra muy cerca de la zona de tiendas, justo en la calle de atrás y en una zona bastante tranquila.
El Hotel en su conjunto esta bastante bien, buenas zonas comunes y con buenas normas por tema Covid19.
El trato del personal muy correcto.
La habitación que nos tocó a nuestra familia (4)  muy amplia , con dos zonas separadas , zona principal con dos camas y sofá, y la otra con literas,  dos lavabos completos, uno para cada zona. Las camas principales son cómodas pero las de las literas no.
Muy Buen Wifi. 
Buen Parking cubierto pero no disponen de muchas plazas.
Relación calidad precio correcta.","Por ponerle un pero, ya necesita algún retoque en el mobiliario de la habitación y lavabos, empieza a estar desgastado y una reforma no le iría mal. Al menos en la habitación que nos tocó a nosotros
El desayuno es un poco caos por el tema Covid, creo que mantener las normas de distancias y Buffett no es compatible, seguramente sin el tema Covid la experiencia del desayuno será mejor.",España,"8,0",En familia,Habitación Cuádruple Estándar,30/12/2020
650,Montse,Muy buena estancia en Andorra,"Nos gustó todo, porque ya habíamos estado otras veces y sabíamos como era el hotel. Muy limpio, confortable, la habitación para cuatro tiene dos baños y esto es una maravilla!
Desayuno muy bueno y las personas que atienden el buffet muy amables. Las medidas de covid son tambien muy correctas.","Nada a remarcar, las recepcionistas, son correctas y diligentes pero un poco secas.",España,"8,0",En familia,Habitación Cuádruple Estándar,28/12/2020
651,Ana,"La magia en navidad, Andorra :)","Hotel muy céntrico, habitación familiar  muy amplia y los niños tenían su propio baño.",en general muy bien todo,España,"9,0",En familia,Habitación Familiar,27/12/2020
652,Jordi,Muy buen hotel,Los trabajadores encantadores,"Un poco de más variedad en el desayuno, pero lo que había estaba bueno",España,"8,0",En pareja,Habitación Doble - 1 o 2 camas,26/12/2020
653,Victor,Trabajo,Todo perfecto,Nada,España,10,Persona que viaja sola,Habitación Doble - 1 o 2 camas,17/12/2020
654,Fulvio,"La habitacion y el baño no estaban muy limpias, pero eran comodas las camas y amplia la habitación. La recepcionista de",Muy comoda la cama. Amplitud de la habitación,Me costó un poco encontrarlo,España,10,En familia,Habitación Individual,16/12/2020
655,Yassin,Fantástico,Céntrico y comodo,,Francia,"9,0",En familia,Habitación Doble - 1 o 2 camas,15/12/2020
656,Iman,Volvería,La cama muy cómoda y en vez de un hotel parecía un apartamento muy bonito.,"La televisión no funcionaba y el wifi más o menos, por suerte teníamos películas descargadas al móvil. 
No había muchos utensilios de baño e higiene personal, como por ejemplo cepillo de dientes y pasta que normalmente en todos los hoteles hay...",Andorra,10,En pareja,Habitación Doble - 1 o 2 camas,30/11/2020
657,Emilio,Buen alojamiento y precio ajustado.,"Habitación y dormitorio super grande, parecía un piso tipo estudio, cama muy grande y cómoda.",Calefacción excesiva temperatura y sin poder regular.,España,"8,0",Persona que viaja sola,Habitación Individual,23/11/2020
658,Anónimo,Excepcional,"si buena ubicación, en el centro de Andorra, trato excelente del personal! 10!","Si, una habitación limpia, grande con ventanas grandes, sofa",España,10,En grupo,Habitación Doble - 1 o 2 camas,22/11/2020
659,M,Agradable,"La atención del personal, fueron todos muy amables.","El desayuno era algo pobre, aunque el personal lo compensaba",España,"8,0",En familia,Habitación Doble - 1 o 2 camas,20/11/2020
660,Maite,Muy bien,Calidad- precio,La gente de recepción está demasiado saturada para dar un buen servicio. Muchas horas para solo dos personas.,España,"8,0",En pareja,Habitación Doble - 1 o 2 camas,14/11/2020
661,Giancarlo,Excepcional,Desayuno muy bueno y variado,Cobertura wifi,España,10,Persona que viaja sola,Habitación Doble - 1 o 2 camas,9/11/2020
662,Virginia,Alojamiento perfecto para disfrutar de Andorra la Vella,"Excelente relación calidad-precio. Hotel en una muy buena ubicación en el centro del eje comercial, habitaciones muy amplias y cómodas y personal muy amable.","La habitación es muy confortable, aunque le falta un poco de calidez y el parquing del hotel es un poco caro.",España,"8,0",En grupo,Habitación Doble - 1 o 2 camas,3/11/2020
663,Isabel,"Hotel familiar, limpio y muy bien ubicado","Habitaciones espaciosas con limpieza esmerada. Un buen buffet de desayuno, pese a las restricciones por el COVID 19. El personal es muy atento y siempre que pueden te ayudan. 
Muy cerca del centro de la ciudad, pero al mismo tiempo retirado de las calles principales, muy tranquilo.",Algún mueble precisaba algún retoque por desgaste.,España,"9,0",En pareja,Habitación Doble - 1 o 2 camas,29/10/2020
664,Pedro,Fantástico,"La comodidad de las camas y habitaciones muy amplias, con 2 baños.  GENIAL.
Céntrico y tranquilo.","Falta remodelar los muebles de las habitaciones. Son muy viejos y están en mal estado, incluido las puertas.
Las TV deberían ser más grandes. Son pequeñas  y del siglo pasado y podian haberlas cambiado.",España,"9,0",En pareja,Habitación Doble - 1 o 2 camas,26/10/2020
665,Oscar,Habitaciones y camas muy espaciosas,"Espacio, amplitud y limpieza. Además del trato del personal. Nos dejamos olvidados un reloj y enseguida nos respondieron y han guardado este para ser recogido.",Wifi. No llegaba cobertura a la habitación .,España,"8,0",En pareja,Habitación Doble - 1 o 2 camas,19/10/2020
666,Jose,Buena estancia y bien ubicado,El aparcamiento creo que se aprobechan de la situacion y lo encuentro algo caro,"No habia bastante calenfaccion , se pasa algo de frio al no poder regularla",España,"8,0",En familia,Habitación Triple (2 adultos + 1 niño),17/10/2020
667,Daniela,Muy bien,La ubicación y las instalaciones en general,"No me agradó la recepcionista que estaba en el turno de noche, era una señora mayor que tenía muy mal carácter, su forma de hablar, mirada y gesticulacion daban a entender que estaba enfadada. Sin embargo, la recepcionista de la mañana era estupenda, una chica muy agradable a quien no daba miedo preguntarle todas las dudas.",España,"8,0",En pareja,Habitación Doble - 1 o 2 camas,16/10/2020
668,Quico,Muy buena.,"Habitacion my grande, muy buen trato y en medio de la zona comercial.","Al baño les faltaria un poco de reforma, però se compensa con el echo de haver dos.",España,10,En familia,Habitación Cuádruple Estándar,13/10/2020
669,Angeles,Muy bien,La amplitud de la habitación y la ubicacion,Faltaba algo de luz en el lavabo,España,"8,3",En pareja,Habitación Doble - 1 o 2 camas,12/10/2020
670,Norman,Relajante!!,La habitación familiar fue increíblemente grande y muy acogedora.,"El precio del aparcamiento extra, que justo al lado para pasar la noche pagas muy poco",España,10,En familia,Habitación Familiar,5/10/2020
671,Irene,Volveremos,"El trato fue perfecto, de hecho me dejé el cargador del movil y me lo guardaron hasta que puede ir a recogerlo. Al viajar con un grupo nombroso, crees que tendras de estar en habitaciones separada, pero estuvimos en la habitación de 7 y fue un lujo, muy amplia y limpia. La ubicación es perfecta, justo en el centro de Andorra. Y el precio muy econòmico. Repetiremos seguro!",,España,"9,0",En grupo,Habitación Familiar,2/10/2020
672,Anna,Muy centrico,"Muy centrico, la habitación muy amplia, aunque  el moviliario se empieza a ver un poco viejo. Toto estava muy limpio.",El buffet a perdido un poco con las medidas del  Covid.,España,"9,0",En pareja,Habitación Doble - 1 o 2 camas,29/09/2020
673,Dan,Perfecto para un día y en familia,"Desayuno, habitación y ubicación.",,España,"8,0",En pareja,Habitación Cuádruple Estándar,25/09/2020
674,Lluís,Es un hotel comodo y si se va con familia muy bueno,"Ubicacion es perfecta excepto el aparcamiento en la zona,, tiene un parquin propio que si hay disponibilidad es espacioso hasta para vehiculos grandes y con buena zona de maniobras
El desayuno muy bueno ""buffet libre, por culpa del covid te lo sirven ellos ,se puede repetir ,la calidad ha mejorado",,España,"9,0",En pareja,Habitación Doble - 1 o 2 camas,22/09/2020
675,Mario,El Bufet del almuerzo en era Covid19 no lo recomiendo,Ubicación,El Almuerzo no vale la pena,España,"8,0",En familia,Habitación Triple,21/09/2020
676,P,Muy bien ubicado y cómodo,Súper cómodo para ir en familia y con una situación de lujo.,La habitación que me tocó estaba algo vieja y estropeada.,España,"9,0",En familia,Habitación Cuádruple Estándar,17/09/2020
677,Ignacio,Fantástico,La atención y la limpieza,,España,"9,0",En familia,Habitación Familiar,10/09/2020
678,Ana,Perfecto,Todo muy bien.,,España,10,En familia,Habitación Triple,7/09/2020
679,Jordi56,Muy bien,El mal funcionamiento del aire acondicionado.,,España,"8,0",En pareja,Habitación Doble - 1 o 2 camas,6/09/2020
680,Luis,Repetiremos ( otra vez ),Ya nos hemos alojado un par de veces. Muy buen hotel. Habitaciones amplias. Muy cómodas. Camas grandes. Bien ubicado.,Nada,España,"9,0",En familia,Habitación Doble - 1 o 2 camas,5/09/2020
681,Silvia,Cómodo en todos los sentidos,El desayuno muy completo dadas las circunstancias del COVID,Nada. Todo perfecto,España,10,En familia,Habitación Cuádruple Estándar,5/09/2020
682,Joana,Fantástico,"Estancia muy agradable, personal muy atento y amable. La cena ideal con niños,",,España,"9,0",En familia,Habitación Familiar,28/08/2020
683,Montse,Muy bien,Las habitaciones son amplias y el personal estupendo!!!!,"Para ser u  hotel de esa categoria, estaba anticuado y mal conservado.....",España,"8,0",En familia,Habitación Familiar,26/08/2020
684,Joan,"Hotel céntrico, limpio y cómodo, ideal familias.","La ubicación, limpieza y comodidad.",El desayuno. No nos gustó nada.,España,"8,0",En familia,Habitación Familiar,24/08/2020
685,Fini,Fantástico,Lo mejor es la amplitud de laa habitaciones   La cama comodísimos y la  limpieza,"No hay nada que no me gustara. Mejoraría la luz de las mesitas de noche para poder leer, por decir algo.",España,"9,0",En familia,Habitación Triple,24/08/2020
686,Maria,Un buen hotel para estar el Les Escaldes.,"La ubicación, la limpieza, la cocina, la amabilidad y profesionalidad del presonal (desde recepción hasta limpieza, pasando por comedor y dirección).",Debería mejorar la conexión WIFI de las habitaciones. Tener la opción de poder reservar la plaza de parquing.,España,"9,0",En familia,Habitación Triple,23/08/2020
687,Fina,Muy bien,"La cena del restaurante lo mejor, y Alberto el camarero de 10😉",Los muebles un poco deteriorados,España,"8,0",En grupo,Habitación Triple,23/08/2020
688,Guillermo,Habitaciones espaciosas.,Las habitaciones cuádruples son casi apartamentos.,La entrada a 16h es un poco tarde.,España,"9,0",En familia,Habitación Familiar,20/08/2020
689,Marta,Fantástico hotel familiar,"Excelente trato por parte del personal y ubicación del hotel.
Muy recomendable la media pensión. Buen desayuno y excelente cena.","Por decir algo necesitaría un repaso a nivel de mantenimiento, zócalos y algo de pintura.",España,10,En familia,Habitación Doble - 1 o 2 camas,17/08/2020
690,Montserrat,Muy recomendable,"Muy bien situado, un aparcamiento municipal cerca del hotel.
Muy limpio y habitaciones muy grandes. Seguro que repetiremos",,España,"9,0",En familia,Habitación Doble - 1 o 2 camas,17/08/2020
691,Cristian,excelente estancia,"la habitación, grande y confortable, la cama matrimonio muy bien, pero el sofá cama muy duro y viejo, por lo demás una estancia muy agradable y la atención del personal excelente y  que repetiremos.","el sofá cama y el desayuno, aunque se entiende que debido a la situación en que estamos tenga que ser así, pero la atención del personal excelente y compensa.",España,"9,0",En familia,Habitación Triple,16/08/2020
692,Francisco,Cómodo,Limpieza,"La. Nevera, no enfría",España,"7,5",En pareja,Habitación Doble - 1 o 2 camas,16/08/2020
693,Jordi,Buen Hotel,"Las habitaciones grandes, la ubicación, la limpieza.","Las almohadas, ponen dos, pero una es poco y dos son mucho. El primer día con dolor de cuello. La almohada de la cuna es una funda con 2 toallas dentro.",España,"8,0",En familia,Habitación Triple,16/08/2020
694,Pedro,¡¡VOLVEREMOS!!,"Excelente atención del personal,sobre todo en el desayuno
Resumiendo,,un Estupendo Hotel,en el que repetiremos estancia , sin duda alguna.","En esta ocasión  nuestra estancia fue en la planta 1 y creemos que llego la hora de renovar el mobiliario de las habitaciones.
Cuartos de aseo y limpieza en general,Fabulosos",España,10,En pareja,Habitación Doble - 1 o 2 camas,16/08/2020
695,Yolanda,Céntrico y amplio hotel en Andorra.,Habitaciones muy amplias y personal muy amable.,Nada.,España,"9,0",En familia,Habitación Triple,14/08/2020
696,Julia,Excepcional,Todo en general,Que los parkings son todos de pago y muy caro,España,10,En pareja,Habitación Doble - 1 o 2 camas,14/08/2020
697,Berni,Muy bien,El wifi llega justo a las habitaciones.  Pero el resto muy bien,,España,"8,0",En familia,Habitación Familiar,13/08/2020
698,Gonzalo,Perfecta,El desayuno muy bien y la cena muy buena.,,España,"9,0",En familia,Habitación Triple,12/08/2020
699,Juan,Sin problemas. Perfecto,La adaptación a la situaciòn.,,España,10,En familia,Habitación Triple,11/08/2020
700,Javier,HOTEL CENTRICO Y CONFORTABLE. BUENA RELACION CALIDAD-PRECIO.,"HABITACION AMPLIA Y CONFORTABLE. DESAYUNO COMPLETO. BUEN PARKING. PERSONAL DE RECEPCION Y DE RESTAURANT MUY ATENTOS Y SIMPATICOS, Y SOBRE TODO, MUY PROFESIONALES A LA HORA DE APLICAR LAS NORMAS DEL COVID-19. ENHORABUENA.",,España,10,En pareja,Habitación Doble - 1 o 2 camas,11/08/2020
701,Albert,Buena estancia y buen restaurante,"En general todo, pero quiero destacar tanto el destino como la venta y el trato del personal que nos atendió. Para mi, de 10.",La ubicación no es mala pero el apartamento es complicado si no reservas una plaza de parking,España,"9,0",En familia,Habitación Cuádruple Estándar,11/08/2020
702,Jordi,Excepcional,Bien ubicado. Habitacion inmensa i comoda.,,España,10,En pareja,Habitación Doble - 1 o 2 camas,11/08/2020
703,Elena,Excepcional,Personal amable y todo muy limpio,,España,10,En familia,Habitación Cuádruple Estándar,10/08/2020
704,Sonia,Una gran sorpresa,"No nos imaginábamos que las habitaciones eran tan grandes.
La verdad es que son excepcionales, grandes y con todas las comodidades.
La nuestra tenía un gran salón-comedor con sofá cama y una mesita independientemente de la habitación de matrimonio con cama grande.
Además un gran baño con ducha y bañera.
No se oía ningún ruido externo, muy insonorizada.
Los ventanales grandes.
Todo muy limpio.
El personal de recepción muy correcto, y el del comedor muy amable y atentos en todo momento con el cliente, para que no faltase de nada.
A una calle de la Av. Carlemany, en plena zona comercial.
Un hotel para volver a repetir sin duda alguna.",,España,10,En grupo,Habitación Doble - 1 o 2 camas,10/08/2020
705,Jjjjjggggg,Fabuloso,"Ubicación
Parking
Limpio
Trato","Mobiliario tocado (puertas baño, mobilario poco actualizado)",España,"8,8",En familia,Habitación Cuádruple Estándar,9/08/2020
706,José,Fantástico,"El hecho de que las habitaciones cuenten con dos dormitorios, uno de ellos con literas, y dos baños. La amplitud y su situación estratégica junto a la Avda. Carlemany de Les Escaldes pero en una calle silenciosa y trranquila",Uno de los dos cuartos de baño con los que cuenta la habitación desprendía un fuerte olor por algún desagüe e impregnaba la entrada.,España,"9,0",En familia,Habitación Triple,9/08/2020
707,Montse,Repetiré la experiencia,"Habitaciones muy amplias, colchón grande y muy cómodo. Servicio de comedor muy bien","Para decir algo, las plazas de parking con acceso muy justo",España,"9,0",En pareja,Habitación Doble - 1 o 2 camas,7/08/2020
708,Alexandra,Fantástico,Habitación de cuatro,"El desayuno ya que no sabías todo lo que había... y  escaneando el código Qr no te salía todo,  muy pocas cosas, aunque los camareros muy amables te decían, tu pregunta y ntros te decimos si hay",España,"9,0",En familia,Habitación Cuádruple Estándar,7/08/2020
709,Jose,Relax y comodidad,"La comida, el servicio, la habitacion la hibicacion, calidad/precio",Las puertas descuidadas,España,"8,0",En familia,Habitación Cuádruple Estándar,5/08/2020
710,José,Prisma,El desayuno tenia de todo el personal era muy amable y las habitaciones eran muy grandes,La televisión era muy pequeña para el tipo de habitacion,España,"8,0",En familia,Habitación Cuádruple Estándar,4/08/2020
711,Raquel,Excepcional,"Habitaciones amplias, limpias y colchones comodisimos",Todo estuvo de 10,España,10,En grupo,Habitación Familiar,4/08/2020
712,Maria,Buena estancia,Las habitaciones son grandes y amplias. El hotel muy bien situado para ir a caldea y a toda la zona de compras.,,España,"8,0",En familia,Habitación Triple,3/08/2020
713,Alicia,Ideal para familias numerosas,"Habitacion muy espaciosa para una familia numerosa, con dos baños y muy bien acondicionada.
Las cenas de la media pension buenisimas. Y el personal del restaurante muy agradable.",,España,10,En familia,Habitación Familiar,2/08/2020
714,Paloma,Muy recomendable,Está en pleno centro de la zona comercial. Puedes reservar plaza de parking en el mismo hotel. La habitación genial para los 5 que éramos con dos habitaciones y las camas muy cómodas!!,La wifi no llegaba bien a la habitación!!,España,"8,0",En familia,Habitación Familiar,31/07/2020
715,Cristina,Fantástico,La habitación muy amplia,,España,"9,0",En familia,Habitación Triple,30/07/2020
716,Luis,Muy bien,EL hotel está bien situado y el personal es muy amable.,"La señal de wifi en las habitaciones es muy escasa.
Los colchones necesitan una renovación.",España,"8,0",Persona que viaja sola,Habitación Doble - 1 o 2 camas,20/07/2020
717,Elias,Fantástico,"Buenísima ubicación para el verano, el personal muy amable, so re todo Anna la camarera del desayuno.","Buenísima ubicación para el verano, el personal muy amable, so re todo Anna la camarera del desayuno.",España,"9,0",En familia,Habitación Cuádruple Estándar,12/07/2020
718,Juan,Buen hotel,Cómodas camas y buen baño.,"Mal wifi y secador viejo, recomiendo q pongan uno que no huelan a quemado.",España,"8,0",En familia,Habitación Cuádruple Estándar,8/07/2020
719,Aisa,Bastante bien,Desayuno muy completo bien para empezar el día,La cama blanda,Andorra,"8,0",En pareja,Habitación Doble - 1 o 2 camas,7/07/2020
720,Carla,Excepcional,Amplitud y comodidad,,España,10,En pareja,Habitación Doble - 1 o 2 camas,7/07/2020
721,Josep,Muy acogedora,El desayuno muy bueno,La recepcionista no se entera,España,"8,0",En pareja,Habitación Doble - 1 o 2 camas,6/07/2020
722,Carlos,Visita despues del covid,"La ubicacion es muy buena ,cerca del centro comercial,habitacion muy grande y bien climatizada.","Nada, aunque podrian ir renovando muebles.",España,"8,0",En pareja,Habitación Doble - 1 o 2 camas,6/07/2020
723,Siria,Excepcional,Trato impecables en instalaciones de 10,Todo ha sido perfecto,España,10,En familia,Habitación Familiar,6/07/2020
724,Juan,Excepcional,Ubicación perfecta y habitación muy amplia,nada,España,10,En familia,Habitación Triple,6/07/2020
725,Alberto,1a salida poscovid,"Las cenas geniales. elaboradas, un 10 para el chef.
desayuno bufet, servido en la mesa. aunque el servicio es un poco lento. por la gestion del covid, la amabilidad del personal y su predisposicion suplen el inconveniente.","no hay escobillas en el wc....
funda de plastico en el colchon. te levantas con la espalda sudada!.
parking caro 18€ dia.",España,"9,0",En pareja,Habitación Doble - 1 o 2 camas,5/07/2020
726,Rosana,Bien,"La distribución de la habitacion, zona niños separada con baño y tv .",,España,"7,0",En familia,Habitación Cuádruple Estándar,12/05/2023
727,Ramon,Hotel de paso,"Nada en especial, para una noche , correcto","Necesita una buena reforma,pero repito para una noche correcto",España,"6,0",En pareja,Habitación Doble - 1 o 2 camas,27/04/2023
728,Marina,Bien,céntrico,baños descuidados,España,"7,0",En pareja,Habitación Doble - 1 o 2 camas,10/04/2023
729,Yuqing,"wifi no llega mi habitación, hablado 2 vececs , son amable los trabajadores pero no solucionan.",muy amplia,wifi no llega habitación,España,"6,0",En familia,Habitación Familiar Deluxe,9/04/2023
730,Sandra,Recomendado,"Ubicación céntrica, limpieza, mucho espacio en la habitación y el trato de la camarera del restaurante que fue muy cordial y amable.","Me tocó llegar en un descanso de la recepcionista y tardaron un montón en darse cuenta de que estábamos allí. Tosí, silbé, repiqueteando en el mostrador, nada, ni caso. Fue bastante molesto. Y los precios de parking de Andorra que son abusivos, aunque eso no es culpa del hotel.",España,"7,0",En pareja,Habitación Doble - 1 o 2 camas,10/03/2023
731,Isaac,Bien,Ubicación,"Gimnasio inactivo , falta de mantenimiento en calefacción y desagües del baño",España,"7,0",En grupo,Habitación Cuádruple Estándar,9/03/2023
732,Jose,bien,muy bien,bien,España,"7,0",En familia,Habitación Cuádruple Deluxe,4/03/2023
733,Silvia,Buena ubicación. La habitacion cómoda y grande.,"El hotel está bien situado, las habitaciones son grandes.","En los baños olía a desagüe un poco mal. Pero bueno.. 
el desayuno buffet muy bueno. 
Una mañana coincidimos mucha gente desayunando a la vez la barra donde está colocada la comida es pequeña y resulta un poco incómoda.",España,"7,0",En familia,Habitación Cuádruple Deluxe,27/02/2023
734,Claudia,Bien,"Habitación más grande de lo normal.
La cena en el restaurante fue estupenda y muy bien de precio.
Tiene parking de pago","Se nota que hicieron intento de remodelación cambiando el suelo y adecentando los baños,  pero las puertas y armarios están muy dañados y viejos. La televisión bastante pequeña para la distancia de la cama.",España,"7,0",En pareja,Habitación Familiar,4/02/2023
735,Julia,Bien,"Que no aiga parquing ,i tener que buscarte la vida",,España,"7,0",En familia,Habitación Familiar,29/01/2023
736,Maria,no corresponde a cuatro estrellas.,lo amplio de la habitación.,"su contradicción. habitación muy desinfectada. precinto para entrar. mandos bolsa conforme están desinfectado I igual vasos. Pero limpieza del baño descuidado. Algún otro cliente se cortó las uñas y aún estaban en el suelo del baño y habitación. 
Hotel de 4 estrellas.  una habitación  para dos personas solamente dejen champú i gel. para una. 
Los colchones son muy duros.",España,"7,0",En pareja,Habitación Doble - 1 o 2 camas,21/01/2023
737,Yolanda,obertbooking,la habitación para 4 muy cómoda y amplia,el desayuno demasiada gente bajamos a las 9 y ya no había de nada y no saco  daban a basto el servicio no podía con Tanya ge te,España,"7,0",En familia,Habitación Cuádruple Estándar,16/01/2023
738,Luis,Agradable,correcto,,España,"6,0",En familia,Habitación Triple,15/01/2023
739,Rebeca,Normal,la amplitud de la habitación,el servicio de recepción,España,"6,0",En familia,Habitación Cuádruple Deluxe,31/12/2022
740,Iratxe,"Agradable. nota 6 , para mi de 3 estrellas. pero muy centrico","la habitacion era muy amplia, buena cama y almohadas. y buena ducha. y todo limpio. personal de desayuno muy amable. hotel centrico. y buen parking","varias cosas. un calor insoportable siempre en la habitacion. buffet desayuno escaso de variedad y los zumos muy malos. el embutido y quesos ricos y café rico. y cena mala. era de menú y la carne estaba dura y el salmòn sin sabor. al final terminamos cenando fuera a pesar de tener MP pagado. el agua de la cena habia que pagarla y era un agua de tetrabrik en cartòn de un sabor horroroso. en cambio el agua de las mañanas era de botella y no tiene nada que ver. una de las peores cosas era la cena que no sea buffet y eso es un punto negativo grande. y el wifi no funciona. tenia q trabajar un poco y es imposible. a dia de hoy hotel sin un buen wifi es inviable. en general le doy un 6. hotel para 3 dias , no para estancias largas. y mejor cenar fuera.",España,"6,0",En pareja,Habitación Doble Deluxe,30/12/2022
741,David,Agradable,"Era un hotel en el que me había alojado anteriormente un par de veces, siempre con una experiencia positiva, y está vez no nos gustó, la verdad. La habitación olía muy mal y la cama és de pensión barata. Nos parece que necesita una renovación. Actualmente en Andorra hay muchas mejores opciones a precio similar o con una ligera diferencia de precio.  
La verdad és que no llegué a quejarme en recepción porque solo era una noche y llegamos al anochecer. Sino sí que lo hubiera hecho. Viajo bastante y creo que és el peor hotel en el que me he alojado durante este año, sinceramente. 
Creo que se tienen que poner las pilas. Gracias",,España,"6,0",En familia,Habitación Doble - 1 o 2 camas,27/12/2022
742,Jose,Aceptable,"La ubicación del hotel, el trato del personal del restaurante","Habitacion sin calefaccion por desperfecto de los radiadores con personal de administración no resolutivo, pesado y poco profesional, sin trato amable, mas conflictivo que no pudieron solucionar el problema.",España,"5,0",En familia,Habitación Cuádruple Estándar,26/12/2022
743,Manuel,"Hotel que destaca por su buena ubicación, limpieza y amplitud en sus habitaciones. Restaurante muy mejorable.",Muy buena ubicación. Instalaciones limpias y habitación muy amplia.,"Mejorable el trato de algunas chicas de recepción. En el  restaurante no vale la pena coger media pensión si vas por varios días. Además, dicho restaurante lleva muy mala gestión, principalmente a la hora de la cena.",España,"7,0",En familia,Habitación Triple,9/12/2022
744,Silvia,fatal,poco,todo,España,"1,0",En pareja,Habitación Doble - 1 o 2 camas,7/12/2022
745,Reda,Buena Ubicación,Habitación grande y cómoda! cerca de Caldea unos 4 min caminando y cerca del centro. tiene parking en el hotel 18€,"La habitación no tenía nada que ver con las fotos. me lo esperaba más moderno, muebles antiguos.
Pero aún así es agradable y cómoda",España,"7,0",En pareja,Habitación Doble - 1 o 2 camas,2/12/2022
746,Carlos,Bien,Buena muy cerca centro comercial,Mucha calor en la habitación,España,"7,0",En pareja,Habitación Doble - 1 o 2 camas,19/11/2022
747,Rosa,Calidad precio bueno y ubicación,La cama de matrimonio y personal,Que no nos pusieron gel y champú las de la limpieza,España,"7,0",En pareja,Habitación Doble - 1 o 2 camas,2/11/2022
748,Patricia,Correcto pero a mejorar!,"la habitación era muy amplia, reformada y limpia. Super céntrico en medio del meollo. Habitación triple muy chula porque es habitación suite independiente","Las dos camas eran pequeñas, de 80-90 con lo que nosotros que somos grandotes no estamos cómodos. Colchones muy duros para nuestro gusto. Poquísima presión en la fucha y wifi nefasto",España,"6,0",En familia,Habitación Triple,1/11/2022
749,Aya,no repetía,muy buena ubicación. el personal muy amable. habitación amplia y reformada.,"las almohadas olían fatal y hemos llamado a recepción para que las cambien. han dicho que no tienen pero van a cambiar las fundas. vale, lo hemos aceptado. esperamos 40 minutos sin cambiar ni nada porque van a entrar a cambiar, supuestamente. pero nadie ha venido y nada cambio. hemos tenido que echar perfume a las almohadas y mucho.
la verdad no pagaría este dinero para lo que hemos tenido.",Jordania,"5,0",En pareja,Habitación Doble Deluxe,23/10/2022
750,Nootka,Céntrico,Ubicación y la habitación,Mala conexión wi-fi y actitud de parte del personal de recepción,España,"7,0",En pareja,Habitación Doble - 1 o 2 camas,20/10/2022
751,Mª,Bien,La ubicación,"El parking, y no pudimos utilizar el ascensor",España,"7,0",En pareja,Habitación Doble - 1 o 2 camas,11/10/2022
752,Isabel,buena situación,"Ubicación excelente
Desayuno y cena muy buenos",Unas reformas de carpintería y lavabo no estaría mal,España,"7,0",En familia,Habitación Cuádruple Estándar,10/10/2022
753,Iurii,Bien,Habitación grande y cómoda,"Vivía en la habitación familiar Deluxe 303. 
No había Internet.
He reservado un lugar para el coche con antelación. Llegamos y no había estacionamiento. Pagué 24,8 euros por noche en el estacionamiento de la Plaza",España,"7,0",En familia,Habitación Familiar Deluxe,6/10/2022
754,David,Bien,"Casualidad que los dos dias que estuve en el hotel, los ascensores no funcionaban, hacian obras en la planta dónde estaba  hospedado y habia un grupo importante de viajantes que colapsaron el buffet del desayuno.",,España,"7,0",Persona que viaja sola,Habitación Doble - 1 o 2 camas,4/10/2022
755,Lourdes,Decepcionante,"Nada, el baño estaba sucio y la cama muy incómoda",,España,"4,0",En pareja,Habitación Doble - 1 o 2 camas,23/09/2022
756,Manel,Bien,Estancia de 3 dias y el ascensor estuvo estropeado 2,,España,"7,0",Persona que viaja sola,Habitación Doble Deluxe,23/09/2022
757,Inma,Decepción,La ubicación. Las camas bastante cómodas,"Comparado  con otras veces, lo he encontrado en general más dejado, supongo que  es por las obras que están realizando. Nos toco una habitación antigua y algo dejada.
Falta de limpieza y organización 
El desayuno justo y mal organizado",España,"5,0",En familia,Habitación Triple,20/09/2022
758,Montse_72,Bien,La habitación bien,El  colchón es bastante  blando,España,"7,0",En grupo,Habitación Cuádruple Estándar,18/09/2022
759,Tania,No repetiria.,La habitación era enorme y el personal muy amable.,"Nos cambiaron de habitacion porque la nevera estaba muy sucia, incluso una de las sillas plegables negras. El baño tenia muchos desperfectos y no daba la sensacion de que estuviese limpio.",España,"6,0",En grupo,Habitación Triple,13/09/2022
760,Neladriana,Un año más visitando Andorra,La ubicación  y tamaño de las habitaciones.,"Al haberlo visitado varios años, observamos que hay un gran deterioro en las habitaciones , pues están para reformar sobretodo los baños, ya que se sale el agua por todos los sitios,las clavijas de la luz se caen, por estar despegadas, los muebles tienen muchas marcas de  uso y la tele es pequeña y con TDT, un poco desfasada.También la comida del menú ha perdido calidad respecto a años anteriores.Una pena si no lo corrigen.",España,"5,0",En familia,Habitación Triple,9/09/2022
761,Xenia,"por el precio y la categoría, podría mejorar.","La cena estaba muy buena, la habitación era amplia y con dos baños. Ubicación en el centro.","El desayuno era muy escaso y con la habitación no se te garantiza plaza de parking, no tuvimos en toda la estancia.",España,"7,0",En grupo,Habitación Cuádruple Estándar,8/09/2022
762,Carlos,Estancia breve pero incomoda.,las camas,"Mala señal de wifi, mala señal de la televisión, las televisiones se veían viejas, los cubos de papelera muy pequeños, el servicio molestaba mucho por las mañanas.",España,"4,0",En pareja,Habitación Doble - 1 o 2 camas,29/08/2022
763,Laura,Bien pero mejotable,"La ubicación, la habitación espaciosa, y que el lavabo tiene bidé","Las almohadas incomodas, el colchón duro, una luz no funcionaba y no la podían arreglar hasta el día siguiente.",España,"7,0",En familia,Habitación Triple,23/08/2022
764,Carmen,Visita en familia dos días Andorra,"La ubicación genial, al lado de la calle comercial con tiendas y restaurantes, además de parkings.
La habitación espaciosa con dos baños, aunque en nuestra reserva ponía con cama de matrimonio y dos literas y solo tenía una","La habitación grande, pero las vistas a un callejón pésimas.
El desayuno está bien, aunque hemos estado en tres estrellas con mayor surtido, por ser un cuatro estrellas esperábamos más variedad.",España,"7,0",En familia,Habitación Cuádruple Estándar,21/08/2022
765,Maria,caro para lo que es,ubicacion,las camas,España,"7,0",En familia,Habitación Cuádruple Deluxe,19/08/2022
766,Oscar,Aceptable,La habitación muy amplia y cómoda. El desayuno bastante correcto.,"El personal frío y distante, ni una sola sonrisa. El parking no se puede reservar y cuando llegamos estaba completo. El aparcamiento en Andorra es caro y desagradable. La habitación muy impersonal.",España,"5,0",En grupo,Habitación Cuádruple Estándar,7/08/2022
767,Jlcobas,Tuvo tiempos mejores,La ubicación y el tamaño de la habitación,Un poco envejecido y la ropa de cama con demasiados usos.,España,"6,0",En familia,Habitación Triple,30/07/2022
768,Ghena,Dezgustado,esta bien situado,"No me gustó 
camas mal echas 
la nevera sucia 
los muebles ralladas rotas
el aire acondicionado sucio (por dentro en la salida del aire)
las duchas viejas en mal estado 
mandó de la televisión sin pilas 
               No es un hotel de 4estrellas",España,"4,0",En familia,Habitación Triple,25/07/2022
769,Angel,Habitación cómoda pero necesita una reforma,"La ubicación, está a 2min caminando de la calle de las tiendas. La habitación era súper amplia.","Nos cobraron una tasa de turista de 3,95€/persona por día hospedado. No nos avisaron con antelación hasta que no llegamos al hotel. Me pareció bastante mal por parte del hotel y de booking.
El mobiliario (minibar, muebles, televisión) de la habitación están para cambiar, se nota que tienen muchos años y están muy desgastados.",España,"7,0",En pareja,Habitación Doble - 1 o 2 camas,21/07/2022
770,Fernando,Muy mal,Comida de Media pensión espectacular,Habitacion mal acabada y con muchos ruidos. Trato al llegar lamentable no dan Habitación hasta 16 horas,España,"2,0",En pareja,Habitación Cuádruple Deluxe,17/07/2022
771,Borja,Hotel de negocios,"La ubicación muy buena. Los servicios del hotel completos (desayuno, parking, gimnasio, recepción 24 h). Las habitaciones son muy grandes, incluso en exceso.",El estado de conservación del edificio. Las habitaciones también estaban un poco descuidadas.,España,"7,0",En grupo,Habitación Doble - 1 o 2 camas,7/07/2022
772,Ana,Bien,La comida del restaurante y el trato de los camareros,La recepcionista del turno de mańana encantadora en cambio la del turno de tarde  muy seca.,España,"7,0",En grupo,Habitación Cuádruple Estándar,30/06/2022
773,Marta,Esta vez decepcionante,"El tamaño de la habitación, la limpieza y la ubicación.","La habitación era grande, busco este hotel ya que tengo claustrofobia y esta vez la sala era grande y la habitación agobiante, el aire acondicionado daba contra un armario y no enfriaba nada. Estan de obras y nos dieron 1 planta, había por lo tanto que estar con la ventana abierta y el ruido era increíble, dos noches de agobio, me compré tapones. Para desayunar bajamos a las 9.45, 3/4 hora antes cierre, estaba prácticamente vacío, no reponen nada; no sé si están de recortes pero ni papel WC tuvimos el primer día. El ascensor en la planta 1 no funcionaba bien, tengo discapacidad visual y tenía que bajar por escaleras. Lo aviso por si vais en silla ruedas o cochecito.",España,"5,0",En pareja,Habitación Doble - 1 o 2 camas,24/06/2022
774,Jose,Justillo,La ubicacion.,Hace falta renovar las habitaciones.,España,"7,0",En familia,Habitación Cuádruple Estándar,5/06/2022
775,Jordi,DECEPCIONANTE,Nada.,"Decepcionante. No queda nada de aquel hotel de calidad máxima en el centro de Escaldes. Hotel en reformas (dicen), van alojando a los clientes en habitaciones antiguas, en las plantas inferiores. Muebles deteriorados, cama incómoda, televisión anticuada (CON TDT!!!), el aire acondicionado sin funcionar. No queda nada de aquel bufet de desayuno excelente. La cena, más decepcionante aún, sirven lo que les da la gana. Ponen unos platos que no tienen que ver con lo que escriben. La carta, con tres hojas arrugadas y rotas, sujetas a una madera con una pinza.
Siendo en Andorra, el català como lengua oficial, no hay NINGUN empleado que lo hable. Ni en recepción, ni en el restaurante. 
Lo siento, pero no VOLVERÉ.",España,"4,0",En pareja,Habitación Doble - 1 o 2 camas,15/05/2022
776,Marti,Genial,La habitacions.. I el trato,..El bufet el embutido i queso estaba muy seco incomible..lo demas perfecto,España,"7,0",En grupo,Habitación Cuádruple Estándar,6/05/2022
777,Javier,Bien,"Nos alojamos en la habitación para 5 personas. Tiene dos habitaciones, una con cama de matrimonio y otra con litera. Dos baños independientes lo que da mucha independencia.",Los baños están algo antiguos,España,"7,0",En grupo,Habitación Cuádruple Estándar,20/04/2022
778,Jorge,Bien,La habitación grande y con dos baños.,El bufet del desayuno podía ser de más calidad y cantidad.,España,"7,0",En familia,Habitación Triple,17/04/2022
779,Nuria,Buena experiencia,"principalmente la ubicación, estaba limpio, la habitación muy grande pero la zona de las literas muy pequeña y mal ubicada",El aparcamiento,España,"7,0",En familia,Habitación Cuádruple Estándar,17/04/2022
780,Jesus,Bien,"El desayuno está muy bien, es tipo buffet y está bien surtido.",Colchones muy blandos a mi gusto,España,"7,0",En familia,Habitación Familiar,13/04/2022
781,Artur,Bien,Bien situado y personal muy amable.,"No iba ni la tv ni el teléfono, después de informar a recepción, que fueron muy amables, cambiaron la tv, pero para ser un hotel de 4 estrellas y no precisamente barato son detalles que no están a la altura.",España,"7,0",En familia,Habitación Cuádruple Estándar,12/04/2022
782,Isidre,Fin de semana en pareja,"Ubicaciòn
Servicio y calidad del restaurante excelente","Habitación con falta de mantenimiento; parquet deteriorado, paredes con golpes tapadas con yeso blanco y sucias. Puertas agrietadas. Extractor lavabo excesivamente ruidoso. TV habitación no funcionaba, el TDT estaba roto.
Escogí este hotel porque habia tenido ya una mala experiencia similar a la que acabo de tener de nuevo en este.  Pensaba que estaría  al nivel del precio pagado, pero ni de lejos. Gran decepción!",España,"6,0",En pareja,Habitación Doble - 1 o 2 camas,11/04/2022
783,José,"Bien, solo por la ubicación",Comodidad y ubicación,"La habitación está anticuada. Las puertas de madera desgastadas por el suelo, cortinas rotas y la mampara del baño grande no encajaba bien, con lo que toda el agua salía hacia afuera",España,"7,0",En familia,Habitación Cuádruple Estándar,11/04/2022
784,Jesus,agradable,la situación,el parking y el bufete desayuno,España,"7,0",En familia,Habitación Cuádruple Estándar,27/03/2022
785,Gladys,Regular,El espacio de la habitación y que está centrico,Primero que llegamos y la habitación estaba sin hacer luego nos dicen que 20 min cuando pasan 25 min nos dicen que aún no estan la recepcionista ni sabia cual era la habitación me dice que 20 min más después de 25 min subo a la habitación y estaban las chicas que limpian enfadadas mal educadas,España,"4,0",En familia,Habitación Familiar Deluxe,8/03/2022
786,Natalia,"Buen hotel, limpieza pésima","Ubicación del hotel excelente, está en pleno centro.","El hotel estaba completo y nos ofrecieron una habitación superior con cama doble, pero al entrar en la habitación nos encontramos que estaba sucio, la ducha recién usada, pelos por todas partes...",España,"6,0",En pareja,Habitación Doble - 1 o 2 camas,6/03/2022
787,Sonia,Bien,El restaurante el desayuno bien y la cena muy buena el personal amable,Después de coger una habitación reformada dejaba q desear el baño con  el techo roto,"Abjasia, ​Georgia","7,0",En familia,Habitación Cuádruple Deluxe,28/02/2022
788,Eusebio,era mi segunda vez regular,el restaurante muy bueno en las noches,la atención en recepción malísima,Panamá,"6,0",En familia,Habitación Cuádruple Estándar,27/02/2022
789,Alejandro,mejorable,ubicación,mobiliario un poco antiguo,España,"6,0",En grupo,Habitación Doble - 1 o 2 camas,26/02/2022
790,Estrella,"SIN MÁS, HOTEL DE HACE AÑOS, MODERNIZADO.",LA COMODIDAD DE LOS COLCHONES,EL DESAYUNO Y LA CENA,España,"7,0",En pareja,Habitación Doble - 1 o 2 camas,16/02/2022
791,Isidoro,Bien con matices.,"El desayuno muy bien, la cena buenísima en cuanto a calidad y presentación. El personal excelente.","las habitaciones un poco obsoletas, complicado el uso de TV Dos mandos.",España,"7,0",En familia,Habitación Doble - 1 o 2 camas,15/02/2022
792,Mònica,Comodidad,Estás al centro. Muy buena ubicación. Las camas muy cómodas. En general bastante limpio. Tener dos wc ( uno con bañera y otro con ducha). Habitación grande. Bebida de cortesía en el minibar( zumo y agua).,"-Tuvimos que esperar mucho para hacer la entrada (casi 30 minutos). Un cliente no paraba de hacer preguntas. Podían haber llamado a un otro compañero.
-En general para ser un 4* un poco justo de muebles ( rotos y antiguos)armarios, puertas...la tele de la habitación de los niños no funcionaba. 
- El encargado del bufet el primer día nos hizo sentir un poco incómodos ( muy observador y pendiente de lo que hacíamos) ni que fuéramos unos delincuentes con dos niños pequeños..hasta el punto que vino a preguntar qué lo que comíamos era para los niños..etc...se pensó que cogíamos cosas del bufet...NUNCA nos había pasado y mira que hemos estado en hoteles de más y menos categoría y mis hijos también.. 
-El personal excepto el chico y chica de recepción que eran amables, por el resto...ni los buenos días. 
-En general no tuvimos la sensación de estar en un hotel de 4*.",España,"6,0",En familia,Habitación Cuádruple Estándar,6/02/2022
793,Francisco,Mal,"Instalaciones en mal estado, no conservado y falta de limpieza.",,España,"3,0",En pareja,Habitación Doble - 1 o 2 camas,2/02/2022
794,Andrade,Decepcionante,El desayuno bien y ubicación perfecta,"Demasiada calor,no hemos podido dormir",España,"4,0",En familia,Habitación Cuádruple Estándar,30/01/2022
795,Irene,Bien,Muy espaciosa la habitación y limpia. En ese aspecto muy agusto. Cerca del centro.,"Las literas estaban al lado de la puerta y habían un grupo de jóvenes haciendo ruido por la noche y no les llamaron la atención. Por otro lado la calefacción aún apagando los radiadores debía estar centralizada porque hacía muchísima calor y descansamos ma, incluso los niños.",España,"7,0",En familia,Habitación Cuádruple Estándar,29/01/2022
796,Rocio,céntrico y cómodo,"su ubicación es ideal para ir de compras. 
la recepcionista fue amabilísima","en mi opinion ha bajado notablemente la calidad de este hotel. aunque es un buen hotel lo he visto más descuidado y las nuevas habitaciones me parecen muy frías, no muy acogedoras.",España,"7,0",En familia,Habitación Triple,23/01/2022
797,Martin,Perfecto calidad-precio,ubicación,Mantenimiento de las instalaciones,España,"7,0",En pareja,Habitación Doble - 1 o 2 camas,18/01/2022
798,Pe,Estancia normal,"El tamaño de la habitación, cama cómoda y amplia. El desayuno correcto.","El mueble de tv está para renovar, la wifi fatal no llegaba bien al primer piso. Pedimos unas zapatillas y nos las negaron diciendo que por protocolo Covid, pues precisamente por eso se dá al cliente que las pide unas de un sólo uso al igual que las demás amenities de hotel.",España,"5,0",En pareja,Habitación Doble - 1 o 2 camas,18/01/2022
799,Raquel,Bien,Relacion calidad precio,"Instalaciones 7 un poco dejadas, puertas de las habitaciones sin pintura y arañazos",España,"7,0",En grupo,Habitación Familiar,17/01/2022
800,Maria,lamentablemente,nada,"realizó una reserva donde Booking.com, que se supone que ustedes trabajan con ellos realizando reservas para su hotel  , realizó una reserva donde hay unas habitaciones reformadas y me dan una habitación sin reformar y con moqueta que soy alérgico a los ácaros y sucio, muebles quemados por cigarros, reclamó y me dicen los empleados del hotel que es lo que yo he reservado y si tengo algún problema que reclame a Booking.com. el desayuno al realizar la Servando pone 8€ por persona y luego nos cobran 12,50€ por persona , por desgracia tuvimos un accidente que regresamos a España y solo hicimos huso un solo día de los 4 días que pagamos y los empleados del hotel nos dicen que ellos no pueden hacer nada y que reclamemos a Booking.com que son los que han hecho la reserva, me siento timado por parte del hotel .
Deseo q se me devuelva el dinero de las tres noches que no he utilizado.",España,"1,0",En pareja,Habitación Doble - 1 o 2 camas,16/01/2022
801,Ismael,recepcionista amargada Jode estancia,la amplitud de la habitacion.,la señora de la recepción hace que mi alojamiento baje de 10 puntos (excelente ) a 4 la estancia,España,"5,0",En pareja,Habitación Doble - 1 o 2 camas,14/01/2022
802,Sanchez,Con algunas mejoras,"El servicio y la atención del personal del restaurante como anotación más destacada.
Personal de limpieza y recepción perfecto.","No tuvimos la habitación que contratamos. Mobiliario con muchos golpes, la puerta del baño inflada por la humedad. Colchón muy blando.",España,"5,0",En pareja,Habitación Doble - 1 o 2 camas,13/01/2022
803,Josep,Hotel regular,Habitación era grande y con dos baños,El desayuno no podias ni moverte al coger la comida. Muy poco espacio. Nos digeron que el parquing estaba lleno.,España,"6,0",En familia,Habitación Cuádruple Estándar,8/01/2022
804,Sergio,decepción,buena ubicación,"tuvimos un accidente que requería atención médica y nos vimos obligados a abandonar la habitación un día antes de lo previsto. Nos cobraron la noche, pero nos prometieron que nos enviarían via email, para poder disfrutar de otra noche en su establecimiento. Nunca llegó ese email, entiendo que fue para contentarnos en ese momento. No resulta muy profesional engañar al cliente, sabiendo y viendo que fue por una causa mayor.",España,"6,0",En pareja,Habitación Doble - 1 o 2 camas,8/01/2022
805,Mar,muchas cosas a mejorar,"la carta del restaurante q era de 10 , y la ubicacion",el trato del personal,España,"6,0",En familia,Habitación Triple,8/01/2022
806,Enrique,Fotos engañosas de la realidad,La atención del personal. Se esmeraban en hacerlo bien,"La limpieza era mas bien poca. La habitación estaba muy trotada, nada que ver con las fotos. Parecia que tenia 50 años de uso.
El personal se esmeraba en el trato, fue lo único bueno pues en general no debería ser un 4 estrellas, como mucho 2 o 3.",España,"5,0",En familia,Habitación Triple,5/01/2022
807,Purificacion,Agradable,El personal y la ubicación,"las camas al lado de la puerta y justo al lado del ascensor. 
Nos costó mucho dormir",España,"6,0",En familia,Habitación Cuádruple Estándar,3/01/2022
808,Xavier,Buena ubicación,"Ubicacion excelente, desayuno correcto y parquing lleno aunque hay buenas alternativas en el exterior",La wifi funcionaba fatal en la habitación y en Andorra es básica,España,"7,0",En familia,Habitación Triple,3/01/2022
809,Elena,Bien,"limpieza
ubicación
desayuno muy completo",wifi- no llegaba a la habitacion,España,"7,0",En grupo,Habitación Cuádruple Estándar,3/01/2022
810,Nuria,Decepcionante,el personal amable,la reserva no correspondia a lo que yo pacté. no había buen wifi.,España,"4,0",En familia,Habitación Triple,3/01/2022
811,Yolanda,Aceptable,"ya hemos estado varies veces y siempre perfecto. 
la situación del hotel sobretodo, y la habitación.","pero esta vez, estábamos en un habitación en el primer piso, que se oía todo. 
y el internet no funcionó en toda la estancia.",España,"5,0",En familia,Habitación Cuádruple Estándar,1/01/2022
812,Rosa,Muy mal,Me parece un abuso que al liquidar la estancia se incremente en un porcentaje abusivo la cuenta por un exceso de ocupación. Este punto lo voy a compartir en todas las plataformas que pueda.,,España,"2,0",En grupo,Habitación Cuádruple Estándar,28/12/2021
813,Jenifer,Agradable,ubicación,la moqueta con polvo y las habitaciones un poco dejadas y descuidadas,España,"6,0",En pareja,Habitación Doble - 1 o 2 camas,14/12/2021
814,Aurora,Aceptable,El personal es amable.,"Desayuno muy mejorable, el primer día había tres naranjas y el segundo ninguna (pregunté y la respuesta...NO, NO HAY). El tercer día desayunamos fuera del Hotel
La limpieza de la habitación... lamentable. Movimos una mesilla y allí había de todo. Creo que pasar una aspiradora por lo menos cuando se cambia de cliente deberían planteárselo. Y si limpiaran la tapicería del sofá cama o mejor las cambiaran sería de aprobado.",España,"5,0",En familia,Habitación Cuádruple Estándar,9/12/2021
815,Olga,Aceptable,Ubicacion,"Habitacionds viejas, para nada modernas mobiliario muy viejo. Relacion calidad precio fatal. Por el estilo de hotel es carissimo!",España,"5,0",En pareja,Habitación Doble - 1 o 2 camas,9/12/2021
816,Marga,No volveremos,"El día de nuestra llegada encontramos en la nevera de la habitación una botella de agua abierta y utilizada hasta la mitad.
Al irnos a acostar y abrir la cama me encontré pegado en la sábana un pòsit con el nombre de ROSA escrito en él.
Al bajar a recepción y comentarlo a la señorita se sorprendió , pidió disculpas y ya.
Sinceramente lo de la botella de agua abierta y usada en el momento en que nos encontramos me pareció muy grave y lo del pòsit....
El personal del restaurante ha sido  muy amable.",,España,"6,0",En familia,Habitación Triple,8/12/2021
817,Cristian,comodidad y cercanía con la calle principal,sobre todo la ubicación,precio alto,España,"7,0",En pareja,Habitación Doble Deluxe,7/12/2021
818,Jesica,Le falta una buena reforma,ubicación,"No parece un establecimiento de 4 estrellas. Las habitaciones necesitan una reforma.
Baño con moho, puertas bufadas, colchón curvado",España,"4,0",En grupo,Habitación Individual,29/11/2021
819,Silvia,ubicacion 10 restó un 5,"cuando llegamos éramos 2 adultos y una niña de 14 años y su cama no estaba preparada. Nos comentaron que teníamos que hacer un cambio de habitación. la ubicación un 10, pero el wifi se iba y venía .., un rollo …","el wifi, los colchones mucho que desear",España,"5,0",En familia,Habitación Triple,25/11/2021
820,Mireia,En la 511 no llega el wifi,"Me gusto que la habitación tubiera dos baños. 
Los cojines son muy cómodos.
El desayuno buffet está muy completo.","La habitación tenia la ducha con pelos y no hay escobillas.
El internet si pasas de la puerta lo pierdes, no llega. Estabamos en la 511. Incluso la tv q es smart tv, pierde la conexión. 
Los colchones son de muelles.",España,"6,0",En grupo,Habitación Cuádruple Deluxe,22/11/2021
821,Maria,Buena y tranquila,La cama por su tamaño grande,La habitación estándar le hace falta una reforma en el mobiliario está bastante viejos y golpeados,España,"7,0",En pareja,Habitación Doble - 1 o 2 camas,30/10/2021
822,Letizia,Estancia céntrica.,"Ubicado cerca de la zona comercial. 
Habitaciones aisladas del ruido. 
Buena higiene.","He seleccionado este hotel por la ubicación y la disponibilidad de recarga para vehículos eléctricos. Sin embargo,  al llegar al hotel y solicitar dicha plaza de recarga, la asistente en turno en recepción me pregunta si tengo cable conector?. 
Después me informa que no sabe dónde se encuentra dicha plaza y que tiene que hablar con alguien de mantenimiento. 
Mientras espero dicha información, me instalo en la habitación. 
Transcurridos 15 minutos acudo nuevamente a preguntar acerca del parking  y me dicen que van a ver si pueden disponer de ella porque hay que solicitarla anticipadamente. 
Además, hay que pagar por el uso de la misma (el costo sale más caro que una estación pública) y además hay que sumar los 18€ por derecho a aparcar en el hotel con plazas de  parking muy reducidas. 
Para cualquier coche o un SUV rozan las puertas con otros coches al salir. 
Hay que maniobrar demasiado  para aparcar en el parking subterráneo. 
Colchón de la cama muy blando.
Muebles y decoración un poco antigua. 
Precio del parking de este hotel es limitado en plazas y más caro que un parking público localizado a 400-500 mts con plazas amplias y vídeo vigilancia. 
Personal poco sociable. 
Las fotos  de publicidad en booking con mobiliario nuevo no correspondían al de mi habitación que tenía muebles antiguos.",Italia,"7,0",Persona que viaja sola,Habitación Individual,23/10/2021
823,Carlota,Aceptable,Buena ubicación,Camas y almohadas incómodas. No atendieron la petición de cama doble.,España,"5,0",En pareja,Habitación Doble Deluxe,22/10/2021
824,Javier,Decepcionante,"La atención al cliente/usuario. Mucha amabilidad pero no saben expresarse con claridad y concreción. Las explicaciones en el funcionamiento del Parking, no solo son imprecisas sino que generan duda en el funcionamiento.",,España,"4,0",En familia,Habitación Cuádruple Estándar,14/10/2021
825,Blanca,"Habitacion buena para familias,le falta cuidar los detalles de la habitacion","El desayuno bien, nada especial, correcto",El mobiliario poco cuidado,España,"6,0",En pareja,Habitación Doble - 1 o 2 camas,15/09/2021
826,Bruno,PROPIETARIO INVIERTA ALGO EN ARREGLOS!,"La ubicación es perfecta, el personal agradable, el desayuno es correcto però sin más.","El propietario del hotel se podria gastar un poco de dinero  en el mantenimiento ya que la pica del baño estaba rota y pintada con un parche, las luces parece que da miedo ponerlas algo mas potentes por si se ven los desperfectos, el parquet destrozado, las mamparas de bañera y la ducha  pierden por todos lados, y la limpieza escasea, de echo cuando llegamos habia un palillo en el suelo y cuando nos fuimos despues de 4 dias seguia allí.
Hablo solo por la experiència de mi habitacion la 204.",España,"4,0",En familia,Habitación Triple,10/09/2021
827,Anna,Correcto,WiFi muy lenta,,España,"7,0",En familia,Habitación Cuádruple Estándar,6/09/2021
828,Miquel,Aceptable,Habitación muy amplia para la familia,Temperatura alta excesiva. El aire acondicionado no enfriaba lo suficiente para las dimensiones de la habitación,España,"5,0",En familia,Habitación Triple,4/09/2021
829,Maria,Nos alojamos 2 adultos y 2 niñas en una habitación cuádruple.,Lo que más me a gustado es el servicio de limpieza de la habitación.,"Las habitaciones tienen los muebles muy estropeados y la puerta del baño está deteriorada, no se corresponde con un 4 estrellas.",España,"6,0",En familia,Habitación Cuádruple Estándar,29/08/2021
830,Cristina,Buena ubicación,"Muy cerca del centro, y un buen desayuno.",,España,"7,0",En familia,Habitación Cuádruple Estándar,26/08/2021
831,Jordi,Bien,"Que entras a las 16:00 y tienes que salir a las 12:00 , pagas por 20 horas de estancia y encima sin párking, porque estaba todo ocupado en fin un poco desastre tienen que avisar antes de coger el hotel ,yo personalmente hubiera cambiado",,España,"7,0",En grupo,Habitación Doble - 1 o 2 camas,21/08/2021
832,J,Bien,La atención en recepción en Check-In muy mal...,,España,"7,0",En familia,Habitación Cuádruple Deluxe,17/08/2021
833,Gemma,Agradable,Ubicación,Ruido a las 8 del servicio de limpieza. Desperfectos en mobiliario habitación. No parece un hotel de 4 estrellas.,España,"6,0",En familia,Habitación Triple,12/08/2021
834,Edgar,Bien,La ubicación del hotel.,"Poca variedad en el desayuno.El hotel no da  servicio de cafetería para tomar un café, un sandwich...
La habitación bastante limpia pero marcos,paredes y mobiliario estaban estropeados.",España,"7,0",En familia,Habitación Cuádruple Estándar,11/08/2021
835,Monicaserrac,Bien,"No llega el wifi en todas las habitaciones,  en la nuestra que estaba en el hueco de la escalera sin wi-fi completamente",,España,"7,0",En familia,Habitación Cuádruple Estándar,9/08/2021
836,Ernesto,Bien,La ubicación.,El desayuno mas variado,España,"7,0",En familia,Habitación Doble - 1 o 2 camas,3/08/2021
837,Maica,Todo correcto excepto la persona de recepción,"La señora de recepción no sirve para estar en recepción, le falta bastante educación.
Me dejó de mentirosa después de haberme dicho q estaba en la obligación de llevar DNI d mis hijos menores de 3 años y q si no los tenía debía llamar a la policia y q serían 3.000 euros de multa. Una vergüenza de trato el de esa señora. Estaba ayer 31-7 a las 17:30-18:00 d la tarde en recepción. Una señora morena con gafas(su nombre lo desconozco).",,España,"5,0",En familia,Habitación Cuádruple Estándar,1/08/2021
838,Elisa,Bien,"Por motivos de reforma del hotel, nos pusieron en una habitación superior, de grandes dimensiones, la que habíamos reservado.",No funcionaba el aire acondicionado.,España,"7,0",En pareja,Habitación Doble - 1 o 2 camas,12/07/2021
839,Fco,No es 4 estrellas,Sin comentarios,"Cuarto de baño antiguo, no tiene bidet y la bañera ya no se lleva, dificultad para entrar y salir, sería mejor una ducha.",España,"6,0",En pareja,Habitación Doble - 1 o 2 camas,3/07/2021
840,Mònica,Ideal para famílias,"Para nosotros la ubicación es perfecta, también el tamaño de la habitación ya que somos una família de 5 miembros","Nada, ya me había alojado antes allí, no habría vuelto si no me hubiera gustado",España,"7,0",Persona que viaja sola,Habitación Familiar,1/07/2021
841,Carlos,Pésimo,Estaban en obras. No hay aviso. Ruidos de martillos a las 07:45,,España,"1,0",En familia,Habitación Triple,29/06/2021
842,Arturo,Agradable,Normal.,Estado de conservación.,España,"6,0",En familia,Habitación Doble - 1 o 2 camas,15/06/2021
843,Daniel,Céntrico y cómodo,"Está justo al lado de la avenida principal, de tiendas y restaurantes. La cama es cómoda y la habitación que nos dieron era muy amplia, con sofá y sala de estar. El wc muy limpio con ducha y también bañera.","El wifi no iba demasiado bien. Me tuvieron que que dar otra clave y ni así. Es decir, para trabajar no es el mejor hotel. Pedí tan solo 30minutos de late check out por motivos de trabajo pero nos dijeron que era imposible porque los de limpieza tenían turnos reducidos. Sí que nos dieron algo más de tiempo con el parking interior",España,"7,0",En pareja,Habitación Doble - 1 o 2 camas,22/05/2021
844,Eduard,para no volver,no cumplió expctativas,habitación muy deteriorada sábanas viejas . no nos facilitaron opción parking y estaba diluviando,España,"2,0",En pareja,Habitación Doble - 1 o 2 camas,14/05/2021
845,Lorena,40m2 a oscuras,Ubicación excelente.,"Habitación muy oscura, cama incomoda y la ducha incomoda porque sale agua mientras te duchas y se llena el suelo de agua y tienes que secarla tu con toallas que te proporciona el hotel de uso personal.",España,"6,0",En pareja,Habitación Doble - 1 o 2 camas,13/05/2021
846,Sandra,Bien,Precio del desayuno/persona,,España,"7,0",En familia,Habitación Cuádruple Estándar,11/05/2021
847,Maria,Agradable,"Ubicación inmejorable, personal muy atento y habitaciones muy grandes.",Los muebles de la habitación estaban viejos y muy muy rotos.,España,"6,0",En pareja,Habitación Doble - 1 o 2 camas,9/05/2021
848,Antonio,Agradable,"Personal muy amable, habitaciones amplias y muy céntrico","Desayuno un poco escaso , ya habíamos estado hace unos años y nada que ver (supongo que tiene que ver tema Covid). Las habitaciones son grandes y cómodas pero les hace falta una reforma(puertas....)",España,"7,0",En pareja,Habitación Doble - 1 o 2 camas,5/05/2021
849,Iris,Aceptable,La recepcionista muy simpática.,"Lo único que pedí fue cama de matrimonio ya que era una celebración y la petición no fue procesada 
Además las chicas de la limpieza hacen mucho ruido desde bien temprano y te despiertan...",España,"5,0",En pareja,Habitación Doble - 1 o 2 camas,25/04/2021
850,Javier,Agradable,"Buena ubicación aunque sin vistas, habitación muy amplia","El wifi funciona fatal, si necesitas trabajar no vayas. Ademas preguntamos en recepción como solucionarlo y la respuesta fue “ui el wifi va muy mal en toda andorra siempre... tendras que comprar un usb” entonces, si es asi, quita el servicio de wifi de la descripción del hotel mejor",España,"6,0",En pareja,Habitación Doble - 1 o 2 camas,17/04/2021
851,Mireia,Bien,Situacion y tamaño habitación,"Desayuno, teniendo en cuenta las medidas covid que toma el hotel.. el coste del desayuno debería ser más economico teniendo en cuenta la poca variedad que ofrecen",España,"7,0",En familia,Habitación Familiar,5/04/2021
852,Juan,Llamada de recepción durante la madrugada,En general la relación calidad-precio es buena.,"El recepcionista de la noche tenía muy mala actitud y llamó a mi habitación durante la madrugada pensando que estaba de fiesta. Antes de llamar a acusar, debería asegurarse cual es la habitación que estaba de fiesta porque me ha despertado cuando tenia madrugar para reuniones importantes y me ha fastidiado mi sueño. Más cuidado de lanzar acusaciones sin estar seguro.",España,"7,0",En pareja,Habitación Doble - 1 o 2 camas,15/03/2021
853,Victor,Agradable,Ubicación,"El desayuno escaso.
Mucho calor en las habitaciones y almohada incómoda.
Limpieza",España,"6,0",En grupo,Habitación Triple,15/03/2021
854,Lucas,Bien,"Bien situado, cómodo",Un poco antiguo,España,"7,0",En pareja,Habitación Doble - 1 o 2 camas,25/02/2021
855,Alejandra,"Bad attention, NO RECOMENDABLE","Me a parecido que no cumple con los requisitos minimos, el hotel, brinda una atencion muy pobre, el concerje del hotel un señor que habia en el turno de noche, me trato con un vocavulario totalmente inadecuado porque no encontraba mi reserva en el hotel, me dijo palabras textuales como (no me queda otra que dejarte entrar,acompañados de una gesticulación inapropiada).","la atención malisima, el que se tenga que pagar 18€ por el parking lo encontre desmesurado. 
definitivamnete muy mala la atención pero sobre todo el personal, el hombre que estuvo de guardia por la noche el martes 16 de feb.",España,"1,0",En pareja,Habitación Doble - 1 o 2 camas,18/02/2021
856,Hector,Alojamiento,"Pagamos una habitación estándar y nos metieron en una familiar sin recargo, personal del hotel muy amables y profesionales","Para tener 4 estrellas hay que renovarse, una Tv con 15 canales, la mampara del baño inútil con el regulador de temperatura roto, el otro baño que teníamos perdía por la junta del plato de ducha y se encharcaba.. muebles que han pasado a mejor vida y sobretodo las puertas de cartón piedra.",España,"7,0",En pareja,Habitación Doble - 1 o 2 camas,15/02/2021
857,Laia,Excelente habitación poca limpieza,"Un horror la limpieza del hotel, no es para nada un hotel de 4 estrellas, muebles y suelo mal",,España,"4,0",En grupo,Habitación Doble - 1 o 2 camas,9/02/2021
858,Jenifer,buen alojamiento,Estubo bien por precio,que no entraba desayuno,España,"7,0",En pareja,Habitación Triple (2 adultos + 1 niño),31/01/2021
859,Francisco,Decepcionante,Buena ubicación muy cerca del centro,"Habitacion muy desvencijada , la nevera en funcionamiento pero muy sucia, mobiliario de la habitación en mal estado,necesita una buena reforma ,no cumple las expectativas de un hotel de 4 estrellas",España,"4,0",Persona que viaja sola,Habitación Doble - 1 o 2 camas,19/01/2021
860,Maria,Aniversario bien personal turno noche mal,La habitación,Que no pude cenar ni desayunar,España,"7,0",En pareja,Habitación Doble - 1 o 2 camas,10/01/2021
861,Meritxell,No es un 4 estrellas ni se le acerca.,La cama era cómoda.,"Habitación y sobretodo el baño sucio. Puertas destartaladas. Como artículo de aseo únicamente dos botes de gel que servia como champú, unos pañuelos y una pastillita de jabón (1 pack por baño). En el piknic del desayuno 1 mini bote de leche por persona (tamaño dedal de coser) y nada de cacao soluble... con dos niñas muy mal, hemos tenido que buscar desayuno fuera.",España,"3,0",En familia,Habitación Cuádruple Estándar,10/01/2021
862,Marc,Un poquito por debajo de mis espectativas,"La habitación era muy grande, contaba con 2 baños; uno con ducha y el otro con bañera.
La cama también era grande y bastante comoda.","Habitaciones poco insonorizadas. 
Había bastantes detalles que te hacían ver que el hotel necesita una reforma. Muebles gastados, alguna humedad en los baños, decoración un pelín anticuada…",España,"5,0",En pareja,Habitación Doble - 1 o 2 camas,7/01/2021
863,Juan,Bien,la situacion es buena,el hotel es bastante antiguo y no tiene muchas comodidades. mueble muy viejos. cuarto de baño también viejo,España,"7,0",En pareja,Habitación Doble - 1 o 2 camas,6/01/2021
864,David,Bien,Servicio del Restaurante su comida y sobre todo su personal,Algunos de su recepcionistas con mucha carencia de empatía y vocación de servicio ( muy mejorable),España,"7,0",Persona que viaja sola,Habitación Doble - 1 o 2 camas,5/01/2021
865,Rafa,No es un hotel de 4 estrellas,"Visto lo visto en Andorra las estrellas las regalan. No es un hotel de 4 estrellas. Es muy sencillo. 
La ubicación muy buena. El desayuno básico.","El wifi es malísimo, en las habitaciones apenas llega la conexión. Los muebles y las puertas necesitan un arreglo.",España,"6,0",En pareja,Habitación Doble - 1 o 2 camas,4/01/2021
866,Aida,Bien,Las habitaciones muy cómodas,"Todo bien, salvo la conexión a internet. Solo funcionaba en la recepción y no hubo manera de poder trabajar en la habitación y el personal de la tarde no lo supo gestionar ni solucionar",España,"7,0",Persona que viaja sola,Habitación Individual,25/12/2020
867,Emilia,Muy antipáticos en recepción,Alguien debería formar a los recepcionistas. Hablan sin mirar a la persona que les habla. No saludan . Alucinante,,España,"7,0",En pareja,Habitación Doble - 1 o 2 camas,24/11/2020
868,Miguel,Decepcionante,El servicio de Cafeteria,,España,"4,0",En pareja,Habitación Doble - 1 o 2 camas,22/10/2020
869,Carmen,Bien,"Quiero pensar que otros días el trato del personal que se encuentra en recepción se dirige a los huéspedes con mejores formas y mas empatía no obstante este pequeño detalle no lo puedo corroborar porque lamentándolo mucho no ha sido así.  
Nos vemos pronto",,España,"7,0",En pareja,Habitación Doble - 1 o 2 camas,18/10/2020
870,David,Aceptable,El mobiliario y baños viejos,,España,"5,0",En familia,Habitación Doble - 1 o 2 camas,11/10/2020
871,Ferran,Bien,TIENE UNA UBICACIÓN EXCELENTE.,,España,"7,0",En familia,Habitación Cuádruple Estándar,28/09/2020
872,Anaïs,Muy mal,El personal del desayuno,La decoración y limpieza,España,"2,0",En pareja,Habitación Doble - 1 o 2 camas,27/09/2020
873,Jaume,"Hotel muy recomendable, al menos por la habitación que nos pusieron y por su precio.","Habitación muy grande con dos baños y 2 estancias y 2 televisiones.
La ubicación es buena estando muy cerca de la calle comercial.","Habia cosas muy de batalla, con desperfectos, rotas o muy usadas que deberian haberse cambiado.
Entiendo que pasa mucha gente y que no todos son cuidadosos, pero por relación calidad-precio no creo que pueda pedirse mucho más.",España,"7,0",En familia,Habitación Triple,14/09/2020
874,Almudena,Agradable,Las habitaciones y limpieza,El trato de la recepción no fue nada amable,España,"6,0",En familia,Habitación Triple,11/09/2020
875,Francisco,Bien,"La habitacion era amplia y comoda
Que hubiera 2 baños
La localizacion
Medidas anti COVID bien implementadas","El wifi no iba en la habitacion
No tuvimos opcion a reservar cenas una vez llegamos al hotel, ni tan solo el dia de la fiesta de Meritxell, aunque habia pocos restaurantes abiertos y el restaurante del hotel estaba casi vacio.
Habia ropa interior de algun huesped anterior olvidada en el armario del cuarto de baño
Los ascensores iban mal, tuvimos que usar las escaleras muchas veces, las cuales no estaban contrastadas y a nuestra hija, que tiene problemas visuales le resulto dificultoso",España,"7,0",En familia,Habitación Familiar,10/09/2020
876,Nerea,Decepcionante,El desayuno no era muy bueno y mis amigos no tenían aire acondicionado! Les dieron un ventilador y tampoco funcionaba. Llegamos a las 16h y aún no tenían las habitaciones listas. No fue una buena experiencia,,España,"4,0",En grupo,Habitación Doble - 1 o 2 camas,7/09/2020
877,Alberto,Aceptable,La habitación era grande.,"Aire acondicionado no funcionaba bien, olores por el desagüe del baño pequeño, un día sin poder ver la TV por que el mando no funcionaba, la atención de la señora de recepción un poco sosa. En ningún sitio ponía la extensión de teléfono para llamar a recepción. Poca variedad y calidad del desayuno.",España,"5,0",En grupo,Habitación Cuádruple Estándar,6/09/2020
878,Marta,Bien,"El personal del comedor en el desayuno muy amables, la cama muy cómoda, habitación grande ( ideal si tienes claustrofobia) bastante cerca de Avda Meritxell que es la zona principal de compras.","Llévate un libro y juegos para los niños ( si tienes) no funciona el wifi en la habitación ( sólo funciona en el comedor ) las instalaciones como el baño necesitan una reforma, se llena el baño de agua por mamparas y duchas en malas condiciones, es un peligro por los resbalones.",España,"6,0",En pareja,Habitación Doble - 1 o 2 camas,2/09/2020
879,Silvia,Aceptable,"El desayuno me ha parecido un timo, está bien que tengan Prevencion por el Covid pero no veo lógico que te hagan un picnic todo de cartón. En la mesa, que ni siquiera te hagan tostadas y te sirvan el café en vaso de cartón. Relación precio calidad muy mala.",,España,"5,0",En familia,Habitación Triple,25/08/2020
880,Montse,Bien,Las camas estupendas y la situación genial,El ver muebles y puertas golpeadas y gastadas daba mal efecto,España,"7,0",En familia,Habitación Familiar,24/08/2020
881,Xavier,Me cuesta encontrar las 4 estrellas.,"Lo mejor la comida de las cenas (de hecho, lo único que justificó las 4 estrellas). Menú repetitivo durante toda la estancia con 4 o 5 primeros y 4 o 5 segundos a elegir, pero muy buena calidad y muy bien cocinados. Desayuno servido en mesa (no buffet) a causa de covid, en general muy justito de calidad, cantidad la que quisieras.
Personal muy amable en general, tanto en recepción como sobretodo en el restaurante.","Habitaciones deterioradas y viejas. Oscuras pero grandes. Limpieza, la justa pero sin queja. 
La plaza de aparcamiento para coches eléctricos no dispone de toma Menekes, es una shukko de pared y el cable lo debe llevar el cliente. En definitiva, hay un enchufe en la pared del parking.",España,"6,0",En familia,Habitación Triple,24/08/2020
882,Alvaro,Bien,La ubicación es estupenda.,Nos pusieron dos camas individuales pegadas en lugar de una cama doble. El WiFi funcionaba horrible en la habitación.,España,"7,0",En pareja,Habitación Doble - 1 o 2 camas,20/08/2020
883,Jonathan,Bien,"Habitación y cama muy grandes.
Muy silencioso
Habitación exterior","Nevera del minibar sucia y estropeada
Algunos detalles de la habitación/baño necesitan renovar para lograr un 9/10
Es muy común en el resto de países ofrecer 2 botellitas de agua pequeñas como detalle, y a 70€-100€ la noche debería de ser BÁSICO",España,"7,0",En pareja,Habitación Doble - 1 o 2 camas,20/08/2020
884,Juan,Bien,La habitación,"El desayuno fatal, zumo malo, café malo, en general mal.
WiFi no llega a la habitación :-(",España,"7,0",En pareja,Habitación Doble - 1 o 2 camas,19/08/2020
885,Marta,Aceptable,Lo encontré muy viejo. Para mi no eta un 4 estrellas. Y el parquin para clientes caro,Ubicación,España,"5,0",En pareja,Habitación Triple,17/08/2020
886,Andrés,Bien,"Como siempre las habitaciones muy amplias.
El personal también muy amable",El check in a las 16h y todos a la vez cuando en  la reserva reflejaba las 14h como hora de entrada,España,"7,0",En familia,Habitación Triple,15/08/2020
887,Gloria,Agradable,"Esta vez no hemos optado por desayunar en el hotel, pero la vez anterior si, y fue muy correcto.",La conexión del wifi es pésima.,España,"6,0",En familia,Habitación Triple,15/08/2020
888,Verónica,"Nevera rota , aire roto",La habitación muy grande,"La nevera no funcionaba y el aire tampoco . Y la recepcionista al explicarle que se nos estropeó todo lo de la nevera y que no funcionaba el aire , lo único que me dijo es pon una reclamación . Ni intento solucionarlo de ninguna manera",España,"5,0",En familia,Habitación Familiar,9/08/2020
889,Maria,Bien,"Habitaciones familiares grandes. Muy buena ubicación,   a 5 minutos andando de Caldea.",Servicio no especialmente simpático. Parking poco recomendable para coches grandes.,España,"7,0",En familia,Habitación Cuádruple Estándar,4/08/2020
890,Carol,Ideal ubicación,"Ideal ubicación, zona de comercios, habitación amplia.",El colchón de la cama muy blando.,España,"7,0",En pareja,Habitación Doble - 1 o 2 camas,26/07/2020
891,Juan,Agradable,Ubicacion y amabilidad del personal,"Habitation con algunas zonas muy viejas, desgastadas y otras muy sucias(sofá).
No nos cambiaron ropa de cama en 3 días.",España,"6,0",En familia,Habitación Cuádruple Estándar,19/07/2020
892,Maria,Fatidica Maria Espanya fatidica desayunos Torrente y ubicación carinyet,Desayuno excelente  y ubicacion  tambien,El aire acondicionado no funcionaba estando a 30 grados cuando lo comunicamos nos dijieron que habriesemos las ventanas no hemos podido dormir en toda la noche ya habiamos estado muchas veces pero esta será la ultima,España,"1,0",En pareja,Habitación Doble - 1 o 2 camas,2/07/2020
893,Anónimo,Extraordinaria estancia,"El formato de habitación 
El restaurante cenamos dos de las tres noches 
La ubicación",,España,"9,0",,"3 noches · 

octubre de 2022",13/10/2022
894,Anónimo,escapada Exprés,Comodidad y buena localización,Lo que tardaron en hacer el Check- in.,España,"8,0",,"1 noche · 

octubre de 2022",9/10/2022
895,Anónimo,habitación súper amplia 👍👍👍,todo,la falta de luz en el lavabo,España,10,,"1 noche · 

agosto de 2022",5/08/2022
896,Anónimo,"Cómodo, pedía la amable y bien ubicado..",El personal de recepción! extraordinario!,,España,"9,0",,"2 noches · 

mayo de 2022",1/05/2022
897,Anónimo,espectacular,El espacio que transmite el sitio,sofa con manchas y una grieta en una cristalera,España,10,,"1 noche · 

enero de 2022",9/03/2022
898,Anónimo,Genial!,La cama era súper cómoda. El baño tenía de todo lo que necesitas. El personal muy amable y atento. Sin duda volveremos!,El papel higiénico carecía de calidad.,España,10,,"2 noches · 

enero de 2022",4/02/2022
899,Anónimo,volvería,"me gustó todo, que la habitación tuviera dos baños , súper espaciosa, la cama cómoda…. 
el desayuno completo, las cenas espectaculares  y los camarer@s tanto de la mañana ,como de la noche ,súper agradables . en recepción también","por decir algo …. que la habitación que nos tocó, no tenía prácticamente luz natural ..  y las vistas a la ciudad que decía , eran a un  edificio en un callejón 😂😂",España,10,,"4 noches · 

enero de 2022",28/01/2022
900,Anónimo,"Repetiria, limpio y comodo","Excekente ubicacion, habitacion amplia y muy limpia. . Personal muy correcto.","las literas en la entrada d la habitacion, porque se oia  el ascensor y los huespedes en el rellano",España,"9,0",,"2 noches · 

enero de 2022",23/01/2022
901,Anónimo,Cómoda,ubicación y comodidad,Nada,España,"9,0",,"1 noche · 

enero de 2022",3/01/2022
902,Anónimo,Recomiendo el hotel para familias con hijos.,"Situación excelente ,habitaciones muy grandes y cómodas .",Mobiliario y TV antiguo . Muy usado.,España,"8,0",,"4 noches · 

enero de 2022",1/01/2022
903,Anónimo,Conforr,Perfecto,Nada,España,"8,0",,"1 noche · 

noviembre de 2021",16/12/2021
904,Anónimo,Muy bien,"La atención del personal en general,  tanto recepción, limpieza como la amabilidad de la camarera del desayuno, todos muy amables y  agradables. En general mi estancia fue agradable y lo esperado","Falta mantenimiento. Por ejemplo, el baño necesita una renovación por humedad en los marcos. Y alguna escobilla en el wc. 
El desayuno un poco escaso para mi gusto",España,"8,0",,"2 noches · 

octubre de 2021",15/10/2021
905,Anónimo,Buen hotel,Nada a destacar,Nada a destacar,España,"9,0",,"1 noche · 

octubre de 2021",14/10/2021
906,Anónimo,Fantástico,Todo muy bien,Nada,España,"9,0",,"1 noche · 

septiembre de 2021",1/10/2021
907,Anónimo,Recomendable,Camas super cómodas y para ir con niños genial ya que pueden dormir en camas y no en sofá cama,"Limpieza de los baños, estaban limpios pero para ser un 4* dejaba que desear",España,"8,0",,"1 noche · 

agosto de 2021",29/08/2021
908,Anónimo,Buena opción para familias,"Muy céntrico, a dos minutos de la calle principal.
Perfecto para familias",,España,10,,"1 noche · 

agosto de 2021",7/08/2021
909,Anónimo,Fantástico,La ubicación perfecte.,"Dormir con nórdico a finales de junio, daba mucho calor.",España,"9,0",,"3 noches · 

junio de 2021",1/07/2021
910,Anónimo,Limpio y muy bien ubicado,"Camas cómodas, amplitud de la habitación y súper bien situado.","Una pena que cuando llegué no tenían parking. Parte del mobiliario, puertas del baño para renovar.",España,"8,0",,"3 noches · 

junio de 2021",27/06/2021
911,Anónimo,Fantástico,El trato personal.,,España,"9,0",,"3 noches · 

mayo de 2021",24/05/2021
912,Anónimo,Un hospedaje céntrico y muy confortable.,"La amplitud de la habitación, en verdad se componía de un apartamento con otras dos camas y otro cuarto de baño. También nos gustó su ubicación céntrica. Excelente climatización y aislamiento acústico, miy recomendable para facilitar el descanso.",El elevado precio del parking en relación al coste de la habitación.,España,10,,"2 noches · 

marzo de 2021",4/03/2021
913,Anónimo,Me encantó,El precio súper accesible y la verdad es que la habitación era maravillosa y súper cómoda.,Ninguna queja,Andorra,10,,"1 noche · 

febrero de 2021",17/02/2021
914,Anónimo,Muy bien,Restaurante y los camareros muy profesionales,,España,"8,0",,"1 noche · 

enero de 2021",1/02/2021
915,Anónimo,Muy recomendable,A mejorar el estado del mobiliario de las habitaciones ( empieza a tener mucho trote) y la poca iluminación de las habitaciones.,,España,"9,0",,"2 noches · 

octubre de 2020",2/11/2020
916,Anónimo,Fantástico!,Nos dieron una habitación muy amplia y comoda.,,España,10,,"1 noche · 

octubre de 2020",29/10/2020
917,Anónimo,Fantástico,Ubicación,,España,"9,0",,"2 noches · 

octubre de 2020",12/10/2020
918,Anónimo,Muy bien,El vino.,El desayuno.,España,"8,0",,"1 noche · 

octubre de 2020",4/10/2020
919,Anónimo,Fantástico,Genial,,Canadá,"9,0",,"1 noche · 

septiembre de 2020",19/09/2020
920,Anónimo,Todo perfecto,"Muy buena ubicación, parking en el mismo edificio, habitación muy grande, cama cómoda y tranquilidad por la noche. Buenas medidas covid","Nada, todo bien",España,"8,0",,"1 noche · 

septiembre de 2020",14/09/2020
921,Anónimo,Excepcional,Muy bien situado del centro,,España,10,,"1 noche · 

agosto de 2020",23/08/2020
922,Anónimo,Buena relación calidad precio,Ubicación céntrica. Calidad precio muy buena,"Situado en una calle estrecha que hace que las habitaciones no tengan mucha luz.
Le falta mantenimiento en las habitaciones.",España,"7,0",,"1 noche · 

octubre de 2021",3/10/2021
923,Anónimo,Esperaba más,Los botes de desinfectante,La habitación y la cama,España,"5,0",,"2 noches · 

agosto de 2020",26/08/2020
924,Anónimo,No lo recomiendo.,Ubicación,"No me esperaba un hotel de 4 estrellas con desperfectos en las puertas , en el baño y por toda la habitación.
A más de ser bastante pobre la decoración de dichas habitaciones.. Por no decir nula.
Sinceramente no lo recomiendo por calidad precio.",España,"4,0",,"1 noche · 

agosto de 2020",18/08/2020
925,Javier,Excepcional,Esta entrada no tiene comentarios,,España,10,En pareja,Habitación Doble Deluxe,18/05/2023
926,Rossana,Fantástico,Esta entrada no tiene comentarios,,Uruguay,"9,0",En familia,Habitación Familiar,18/05/2023
927,Francisco,Excepcional,Esta entrada no tiene comentarios,,España,10,En familia,Habitación Cuádruple Deluxe,8/05/2023
928,Guido,Excepcional,Esta entrada no tiene comentarios,,España,10,En familia,Habitación Cuádruple Estándar,5/05/2023
929,Jaume,Fantástico,Esta entrada no tiene comentarios,,España,"9,0",En familia,Habitación Triple,4/05/2023
930,M,Fantástico,Esta entrada no tiene comentarios,,España,"9,0",En pareja,Habitación Triple,3/05/2023
931,Juan,Fantástico,Esta entrada no tiene comentarios,,España,"9,0",En familia,Habitación Cuádruple Deluxe,2/05/2023
932,Enrique,Excepcional,Esta entrada no tiene comentarios,,España,10,En familia,Habitación Familiar Deluxe,2/05/2023
933,Josep,Fantástico,Esta entrada no tiene comentarios,,España,"9,0",En familia,Habitación Triple,1/05/2023
934,Ruben,Excepcional,Esta entrada no tiene comentarios,,España,10,En pareja,Habitación Doble Deluxe,24/04/2023
935,Pilar,Fantástico,Esta entrada no tiene comentarios,,España,"9,0",En grupo,Habitación Cuádruple Estándar,18/04/2023
936,Paloma,Excepcional,Esta entrada no tiene comentarios,,España,10,Persona que viaja sola,Habitación Doble Deluxe,18/04/2023
937,Oscar,Excepcional,Esta entrada no tiene comentarios,,Reino Unido,10,En familia,Habitación Cuádruple Deluxe,15/04/2023
938,Iris,Excepcional,Esta entrada no tiene comentarios,,España,10,En familia,Habitación Cuádruple Deluxe,14/04/2023
939,Larysa,Muy bien,Esta entrada no tiene comentarios,,España,"8,0",En familia,Habitación Doble - 1 o 2 camas,14/04/2023
940,Belarra,Muy bien,Esta entrada no tiene comentarios,,España,"8,0",En familia,Habitación Cuádruple Estándar,13/04/2023
941,Jose,Excepcional,Esta entrada no tiene comentarios,,España,10,En pareja,Habitación Doble - 1 o 2 camas,12/04/2023
942,Isabel,Muy bien,Esta entrada no tiene comentarios,,España,"8,0",En familia,Habitación Triple,11/04/2023
943,Garcia,Excepcional,Esta entrada no tiene comentarios,,España,10,En pareja,Habitación Doble - 1 o 2 camas,11/04/2023
944,Juan,Muy bien,Esta entrada no tiene comentarios,,España,"8,0",En pareja,Habitación Doble - 1 o 2 camas,10/04/2023
945,Raquel,Fantástico,Esta entrada no tiene comentarios,,España,"9,0",En familia,Habitación Triple,10/04/2023
946,Maria,Excepcional,Esta entrada no tiene comentarios,,España,10,En familia,Habitación Cuádruple Deluxe,10/04/2023
947,Rafael,Fantástico,Esta entrada no tiene comentarios,,España,"9,0",En familia,Habitación Cuádruple Deluxe,9/04/2023
948,Ines,Excepcional,Esta entrada no tiene comentarios,,España,10,En familia,Habitación Triple,9/04/2023
949,Irina,Fantástico,Esta entrada no tiene comentarios,,España,"9,0",En familia,Habitación Doble Deluxe,9/04/2023
950,Noemí,hotel muy recomendable,Esta entrada no tiene comentarios,,España,"9,0",En grupo,Habitación Cuádruple Estándar,9/04/2023
951,Jose,Excepcional,Esta entrada no tiene comentarios,,España,10,En familia,Habitación Cuádruple Estándar,7/04/2023
952,Vicky,Muy bien,Esta entrada no tiene comentarios,,España,"8,0",En pareja,Habitación Doble Deluxe,30/03/2023
953,Alba,Fantástico,Esta entrada no tiene comentarios,,España,"9,0",En pareja,Habitación Doble - 1 o 2 camas,30/03/2023
954,Cristina,Excepcional,Esta entrada no tiene comentarios,,España,10,En grupo,Habitación Triple,30/03/2023
955,Marc,Excepcional,Esta entrada no tiene comentarios,,España,10,En familia,Habitación Cuádruple Estándar,27/03/2023
956,Lidon,Muy bien,Esta entrada no tiene comentarios,,España,"8,0",En grupo,Habitación Cuádruple Estándar,19/03/2023
957,Alejandro,Fantástico,Esta entrada no tiene comentarios,,España,"9,0",En familia,Habitación Cuádruple Estándar,19/03/2023
958,Mireia,Muy bien,Esta entrada no tiene comentarios,,España,"8,0",En grupo,Habitación Cuádruple Estándar,16/03/2023
959,Carla,Excepcional,Esta entrada no tiene comentarios,,España,10,En pareja,Habitación Doble Deluxe,16/03/2023
960,Jose,Excepcional,Esta entrada no tiene comentarios,,España,10,En familia,Habitación Doble - 1 o 2 camas,14/03/2023
961,Paula,Muy bien,Esta entrada no tiene comentarios,,España,"8,0",En pareja,Habitación Doble - 1 o 2 camas,13/03/2023
962,Ignacio,Muy bien,Esta entrada no tiene comentarios,,España,"8,0",En pareja,Habitación Doble - 1 o 2 camas,12/03/2023
963,Vicente,Muy bien,Esta entrada no tiene comentarios,,España,"8,0",En familia,Habitación Doble - 1 o 2 camas,8/03/2023
964,Manuel,Perfecto para familias,Esta entrada no tiene comentarios,,España,"8,0",En familia,Habitación Cuádruple Estándar,7/03/2023
965,Maria,Excepcional,Esta entrada no tiene comentarios,,España,10,En familia,Habitación Triple,7/03/2023
966,Anna,Muy bien,Esta entrada no tiene comentarios,,España,"8,0",En familia,Habitación Cuádruple Estándar,6/03/2023
967,Carlos,Excepcional,Esta entrada no tiene comentarios,,España,10,En pareja,Habitación Doble - 1 o 2 camas,6/03/2023
968,Ester,Fantástico,Esta entrada no tiene comentarios,,España,"9,0",En familia,Habitación Cuádruple Estándar,5/03/2023
969,Emilio,Muy bien,Esta entrada no tiene comentarios,,España,"8,0",En familia,Habitación Doble - 1 o 2 camas,5/03/2023
970,Vicenta,Muy bien,Esta entrada no tiene comentarios,,España,"8,0",En familia,Habitación Cuádruple Estándar,5/03/2023
971,Patricia,Fantástico,Esta entrada no tiene comentarios,,España,"9,0",En pareja,Habitación Cuádruple Estándar,5/03/2023
972,Laura,Fantástico,Esta entrada no tiene comentarios,,España,"9,0",En familia,Habitación Cuádruple Estándar,4/03/2023
973,Montse,Excepcional,Esta entrada no tiene comentarios,,España,10,En familia,Habitación Cuádruple Deluxe,3/03/2023
974,Joan,Muy bien,Esta entrada no tiene comentarios,,España,"8,0",En grupo,Habitación Familiar Deluxe,2/03/2023
975,Daniel,Fantástico,Esta entrada no tiene comentarios,,España,"9,0",En grupo,Habitación Cuádruple Estándar,1/03/2023
976,Maite,Muy bien,Esta entrada no tiene comentarios,,España,"8,0",En familia,Habitación Triple,28/02/2023
977,Ezequiel,Muy bien,Esta entrada no tiene comentarios,,España,"8,0",En pareja,Habitación Doble Deluxe,27/02/2023
978,Mireia,Muy bien,Esta entrada no tiene comentarios,,España,"8,0",En grupo,Habitación Cuádruple Deluxe,26/02/2023
979,Jose,Muy bien,Esta entrada no tiene comentarios,,España,"8,0",En pareja,Habitación Cuádruple Deluxe,26/02/2023
980,Mª,Muy bien,Esta entrada no tiene comentarios,,España,"8,0",En familia,Habitación Cuádruple Estándar,26/02/2023
981,Jonathan,Fantástico,Esta entrada no tiene comentarios,,España,"9,0",En pareja,Habitación Triple,23/02/2023
982,Efraín,Muy bien,Esta entrada no tiene comentarios,,España,"8,0",En familia,Habitación Cuádruple Deluxe,23/02/2023
983,Mario,Fantástico,Esta entrada no tiene comentarios,,España,"9,0",En familia,Habitación Cuádruple Estándar,21/02/2023
984,Lidia,Muy bien,Esta entrada no tiene comentarios,,España,"8,0",En grupo,Habitación Cuádruple Deluxe,20/02/2023
985,Miguel,Muy bien,Esta entrada no tiene comentarios,,España,"8,0",En familia,Habitación Doble - 1 o 2 camas,20/02/2023
986,Ester,Excepcional,Esta entrada no tiene comentarios,,España,10,En familia,Habitación Cuádruple Estándar,20/02/2023
987,Silvia,Fantástico,Esta entrada no tiene comentarios,,España,"9,0",En familia,Habitación Cuádruple Deluxe,20/02/2023
988,Xose,Muy bien,Esta entrada no tiene comentarios,,España,"8,0",En familia,Habitación Familiar Deluxe,19/02/2023
989,Neus,Muy bien,Esta entrada no tiene comentarios,,España,"8,0",En grupo,Habitación Triple,18/02/2023
990,Pedro,Muy bien,Esta entrada no tiene comentarios,,España,"8,0",En pareja,Habitación Cuádruple Estándar,18/02/2023
991,Bejarano,Excepcional,Esta entrada no tiene comentarios,,España,10,En pareja,Habitación Doble - 1 o 2 camas,16/02/2023
992,Tania,Fantástico,Esta entrada no tiene comentarios,,Andorra,"9,0",En pareja,Habitación Doble - 1 o 2 camas,15/02/2023
993,Joan,Excepcional,Esta entrada no tiene comentarios,,España,10,En grupo,Habitación Cuádruple Estándar,13/02/2023
994,Ana,Fantástico,Esta entrada no tiene comentarios,,España,"9,0",En familia,Habitación Cuádruple Estándar,13/02/2023
995,Cristina,Excepcional,Esta entrada no tiene comentarios,,España,10,En grupo,Habitación Triple,13/02/2023
996,Dadepa,Fantástico,Esta entrada no tiene comentarios,,España,"9,0",En familia,Habitación Cuádruple Deluxe,12/02/2023
997,Carol,Fantástico,Esta entrada no tiene comentarios,,España,"9,0",En pareja,Habitación Doble - 1 o 2 camas,12/02/2023
998,Bruno,Fantástico,Esta entrada no tiene comentarios,,España,"9,0",En familia,Habitación Cuádruple Estándar,11/02/2023
999,Vicente,Excepcional,Esta entrada no tiene comentarios,,España,10,En pareja,Habitación Doble - 1 o 2 camas,11/02/2023
1000,Aranibar,Excepcional,Esta entrada no tiene comentarios,,España,10,En grupo,Habitación Cuádruple Estándar,10/02/2023
1001,Joan,Fantástico,Esta entrada no tiene comentarios,,España,"9,0",En familia,Habitación Cuádruple Estándar,9/02/2023
1002,Bernardo,Excepcional,Esta entrada no tiene comentarios,,España,10,En familia,Habitación Doble Deluxe,8/02/2023
1003,Mario,Fantástico,Esta entrada no tiene comentarios,,España,"9,0",En familia,Habitación Cuádruple Estándar,7/02/2023
1004,Raquel,Fantástico,Esta entrada no tiene comentarios,,España,"9,0",En familia,Habitación Cuádruple Estándar,6/02/2023
1005,Mireia,Muy bien,Esta entrada no tiene comentarios,,España,"8,0",En grupo,Habitación Triple,6/02/2023
1006,Amaya,Fantástico,Esta entrada no tiene comentarios,,España,"9,0",En pareja,Habitación Doble - 1 o 2 camas,5/02/2023
1007,Adrian,Aconsejable,Esta entrada no tiene comentarios,,España,"9,0",En familia,Habitación Cuádruple Estándar,5/02/2023
1008,Nuria,Fantástico,Esta entrada no tiene comentarios,,España,"9,0",En pareja,Habitación Doble Deluxe,5/02/2023
1009,Nuria,Fantástico,Esta entrada no tiene comentarios,,España,"9,0",En grupo,Habitación Familiar,5/02/2023
1010,Mirela,Excepcional,Esta entrada no tiene comentarios,,España,10,En familia,Habitación Familiar Deluxe,31/01/2023
1011,Alejandro,Fantástico,Esta entrada no tiene comentarios,,España,"9,0",En familia,Habitación Cuádruple Estándar,30/01/2023
1012,Frey,Muy bien,Esta entrada no tiene comentarios,,España,"8,0",En grupo,Habitación Familiar Deluxe,30/01/2023
1013,Rosa,Fantástico,Esta entrada no tiene comentarios,,España,"9,0",En familia,Habitación Doble - 1 o 2 camas,30/01/2023
1014,Salvador,Fantástico,Esta entrada no tiene comentarios,,España,"9,0",En pareja,Habitación Doble - 1 o 2 camas,28/01/2023
1015,Adriana,Fantástico,Esta entrada no tiene comentarios,,España,"9,0",En familia,Habitación Familiar Deluxe,28/01/2023
1016,Paula,Muy bien,Esta entrada no tiene comentarios,,España,"8,0",En familia,Habitación Cuádruple Deluxe,27/01/2023
1017,Esther,Muy bien,Esta entrada no tiene comentarios,,España,"8,0",En familia,Habitación Cuádruple Estándar,26/01/2023
1018,Ana,Excepcional,Esta entrada no tiene comentarios,,España,10,En grupo,Habitación Familiar,25/01/2023
1019,Mounia,Excepcional,Esta entrada no tiene comentarios,,Marruecos,10,En grupo,Habitación Familiar Deluxe,23/01/2023
1020,Jordi,Fantástico,Esta entrada no tiene comentarios,,España,"9,0",En familia,Habitación Cuádruple Estándar,22/01/2023
1021,Jaume,Excepcional,Esta entrada no tiene comentarios,,España,10,En grupo,Habitación Triple,22/01/2023
1022,Esther,Fantástico,Esta entrada no tiene comentarios,,España,"9,0",En pareja,Habitación Doble - 1 o 2 camas,21/01/2023
1023,Dario,Fantástico,Esta entrada no tiene comentarios,,España,"9,0",En familia,Habitación Doble Deluxe,17/01/2023
1024,Silvia,Excepcional,Esta entrada no tiene comentarios,,España,10,En familia,Habitación Cuádruple Estándar,16/01/2023
1025,Alfredopt,Excepcional,Esta entrada no tiene comentarios,,España,10,En grupo,Habitación Cuádruple Estándar,16/01/2023
1026,Francisco,Muy bien,Esta entrada no tiene comentarios,,España,"8,0",En familia,Habitación Cuádruple Estándar,16/01/2023
1027,Nuria,Muy bien,Esta entrada no tiene comentarios,,España,"8,0",En grupo,Habitación Cuádruple Estándar,15/01/2023
1028,Jordi,Muy bien,Esta entrada no tiene comentarios,,España,"8,0",En familia,Habitación Familiar,14/01/2023
1029,David,Excepcional,Esta entrada no tiene comentarios,,España,10,En pareja,Habitación Doble - 1 o 2 camas,11/01/2023
1030,Maika,Fantástico,Esta entrada no tiene comentarios,,España,"9,0",En familia,Habitación Cuádruple Estándar,10/01/2023
1031,Paula,Excepcional,Esta entrada no tiene comentarios,,España,10,En pareja,Habitación Doble - 1 o 2 camas,9/01/2023
1032,Cristina,Fantástico,Esta entrada no tiene comentarios,,España,"9,0",En grupo,Habitación Cuádruple Deluxe,9/01/2023
1033,Andres,Excepcional,Esta entrada no tiene comentarios,,España,10,En grupo,Habitación Familiar Deluxe,9/01/2023
1034,Natalia,Muy bien,Esta entrada no tiene comentarios,,España,"8,0",En familia,Habitación Triple,9/01/2023
1035,Anna,Excepcional,Esta entrada no tiene comentarios,,España,10,En grupo,Habitación Cuádruple Estándar,8/01/2023
1036,Josie,Fantástico,Esta entrada no tiene comentarios,,España,"9,0",En familia,Habitación Familiar,8/01/2023
1037,Jose,Muy bien,Esta entrada no tiene comentarios,,España,"8,0",En familia,Habitación Triple,8/01/2023
1038,Isabel,Muy bien,Esta entrada no tiene comentarios,,España,"8,0",En grupo,Habitación Triple,5/01/2023
1039,Pablo,Fantástico,Esta entrada no tiene comentarios,,España,"9,0",En familia,Habitación Cuádruple Estándar,5/01/2023
1040,Jaume,Muy bien,Esta entrada no tiene comentarios,,España,"8,0",En familia,Habitación Cuádruple Deluxe,5/01/2023
1041,Heyvi,Excepcional,Esta entrada no tiene comentarios,,España,10,En pareja,Habitación Doble Deluxe,4/01/2023
1042,Dani,Excepcional,Esta entrada no tiene comentarios,,España,10,En pareja,Habitación Triple,4/01/2023
1043,Silvia,Fantástico,Esta entrada no tiene comentarios,,España,"9,0",En grupo,Habitación Familiar Deluxe,4/01/2023
1044,Mònica,Muy bien,Esta entrada no tiene comentarios,,España,"8,0",En pareja,Habitación Doble - 1 o 2 camas,4/01/2023
1045,Maria,Fantástico,Esta entrada no tiene comentarios,,España,"9,0",En grupo,Habitación Cuádruple Estándar,3/01/2023
1046,Jordi,Fantástico,Esta entrada no tiene comentarios,,España,"9,0",En familia,Habitación Cuádruple Deluxe,3/01/2023
1047,Sergio,Muy bien,Esta entrada no tiene comentarios,,España,"8,0",En pareja,Habitación Doble - 1 o 2 camas,3/01/2023
1048,Ovidiu,Excepcional,Esta entrada no tiene comentarios,,España,10,En familia,Habitación Cuádruple Estándar,29/12/2022
1049,Montse,Muy bien,Esta entrada no tiene comentarios,,España,"8,0",En familia,Habitación Cuádruple Estándar,29/12/2022
1050,Rubén,Muy bien,Esta entrada no tiene comentarios,,España,"8,0",En pareja,Habitación Doble - 1 o 2 camas,28/12/2022
1051,Francesc,Excepcional,Esta entrada no tiene comentarios,,España,10,En familia,Habitación Cuádruple Deluxe,27/12/2022
1052,Maria,Fantástico,Esta entrada no tiene comentarios,,España,"9,0",En familia,Habitación Cuádruple Deluxe,27/12/2022
1053,Felisa,Excepcional,Esta entrada no tiene comentarios,,España,10,En familia,Habitación Triple,27/12/2022
1054,Vasile,Excepcional,Esta entrada no tiene comentarios,,España,10,En pareja,Habitación Triple,27/12/2022
1055,Isabel,Muy bien,Esta entrada no tiene comentarios,,España,"8,0",En grupo,Habitación Triple,27/12/2022
1056,Pop,Fantástico,Esta entrada no tiene comentarios,,España,"9,0",En familia,Habitación Triple,26/12/2022
1057,Maria,Muy bien,Esta entrada no tiene comentarios,,España,"8,0",En familia,Habitación Cuádruple Estándar,26/12/2022
1058,Francesc,Muy bien,Esta entrada no tiene comentarios,,España,"8,0",En pareja,Habitación Doble Deluxe,26/12/2022
1059,Mireia,Muy bien,Esta entrada no tiene comentarios,,España,"8,0",En grupo,Habitación Triple,26/12/2022
1060,Santiago,Excepcional,Esta entrada no tiene comentarios,,España,10,En familia,Habitación Cuádruple Estándar,25/12/2022
1061,Sonia,Fantástico,Esta entrada no tiene comentarios,,España,"9,0",En familia,Habitación Triple,25/12/2022
1062,Natàlia,Excepcional,Esta entrada no tiene comentarios,,España,10,En familia,Habitación Cuádruple Estándar,24/12/2022
1063,Jorge,Fantástico,Esta entrada no tiene comentarios,,España,"9,0",En grupo,Habitación Doble - 1 o 2 camas,23/12/2022
1064,Conxita,Fantástico,Esta entrada no tiene comentarios,,España,"9,0",En familia,Habitación Triple,20/12/2022
1065,Maria,Muy bien,Esta entrada no tiene comentarios,,España,"8,0",En familia,Habitación Cuádruple Estándar,19/12/2022
1066,Clara,Excepcional,Esta entrada no tiene comentarios,,España,10,En grupo,Habitación Cuádruple Estándar,19/12/2022
1067,García,Fantástico,Esta entrada no tiene comentarios,,España,"9,0",En familia,Habitación Cuádruple Estándar,18/12/2022
1068,Ismael,Excepcional,Esta entrada no tiene comentarios,,España,10,En familia,Habitación Cuádruple Estándar,18/12/2022
1069,Eva,Fantástico,Esta entrada no tiene comentarios,,España,"9,0",En familia,Habitación Cuádruple Deluxe,18/12/2022
1070,Marc,Excepcional,Esta entrada no tiene comentarios,,España,10,En pareja,Habitación Doble - 1 o 2 camas,17/12/2022
1071,Francisco,Fantástico,Esta entrada no tiene comentarios,,España,"9,0",En pareja,Habitación Doble - 1 o 2 camas,16/12/2022
1072,Carmen,"Muy buena, pero considero que como mínimo el agua para la cena deberia estar incluida en el precio",Esta entrada no tiene comentarios,,España,"9,0",En grupo,Habitación Cuádruple Estándar,14/12/2022
1073,Pilar,Fantástico,Esta entrada no tiene comentarios,,España,"9,0",En pareja,Habitación Doble - 1 o 2 camas,14/12/2022
1074,Jose,Muy bien,Esta entrada no tiene comentarios,,España,"8,0",En familia,Habitación Triple,14/12/2022
1075,Montse,Excepcional,Esta entrada no tiene comentarios,,España,10,En familia,Habitación Doble - 1 o 2 camas,13/12/2022
1076,Montse,Excepcional,Esta entrada no tiene comentarios,,España,10,En familia,Habitación Triple,13/12/2022
1077,Ariadna,Excepcional,Esta entrada no tiene comentarios,,España,10,En familia,Habitación Triple,12/12/2022
1078,Rubén,Excepcional,Esta entrada no tiene comentarios,,España,10,En pareja,Habitación Doble Deluxe,12/12/2022
1079,Monica,Muy bien,Esta entrada no tiene comentarios,,España,"8,0",En familia,Habitación Cuádruple Estándar,12/12/2022
1080,Antonio,Fantástico,Esta entrada no tiene comentarios,,España,"9,0",En familia,Habitación Cuádruple Estándar,12/12/2022
1081,José,Muy bien,Esta entrada no tiene comentarios,,España,"8,0",En familia,Habitación Cuádruple Estándar,12/12/2022
1082,Queralt,Muy bien,Esta entrada no tiene comentarios,,España,"8,0",En familia,Habitación Cuádruple Estándar,11/12/2022
1083,Daniel,Muy bien,Esta entrada no tiene comentarios,,España,"8,0",En familia,Habitación Cuádruple Estándar,11/12/2022
1084,Francisco,Muy bien,Esta entrada no tiene comentarios,,España,"8,0",En familia,Habitación Cuádruple Estándar,11/12/2022
1085,Xavier,Muy bien,Esta entrada no tiene comentarios,,España,"8,0",En familia,Habitación Triple,10/12/2022
1086,Francisca,Fantástico,Esta entrada no tiene comentarios,,España,"9,0",En familia,Habitación Cuádruple Estándar,9/12/2022
1087,Ana,Muy bien,Esta entrada no tiene comentarios,,España,"8,0",En familia,Habitación Familiar Deluxe,9/12/2022
1088,Oscar,Excepcional,Esta entrada no tiene comentarios,,España,10,En grupo,Habitación Cuádruple Deluxe,8/12/2022
1089,Patricia,Muy bien,Esta entrada no tiene comentarios,,España,"8,0",En familia,Habitación Cuádruple Deluxe,8/12/2022
1090,Carme,Excepcional,Esta entrada no tiene comentarios,,España,10,En familia,Habitación Cuádruple Deluxe,8/12/2022
1091,Felix,Fantástico,Esta entrada no tiene comentarios,,España,"9,0",En familia,Habitación Triple,8/12/2022
1092,Mjesus,Muy bien,Esta entrada no tiene comentarios,,España,"8,0",En familia,Habitación Cuádruple Deluxe,7/12/2022
1093,Idoia,Excepcional,Esta entrada no tiene comentarios,,España,10,En familia,Habitación Cuádruple Estándar,6/12/2022
1094,Seira,Fantástico,Esta entrada no tiene comentarios,,España,"9,0",En familia,Habitación Cuádruple Deluxe,5/12/2022
1095,Pilar,Fantástico,Esta entrada no tiene comentarios,,España,"9,0",En familia,Habitación Cuádruple Deluxe,5/12/2022
1096,Gerard,Excepcional,Esta entrada no tiene comentarios,,España,10,En familia,Habitación Cuádruple Estándar,4/12/2022
1097,Tony,Fantástico,Esta entrada no tiene comentarios,,España,"9,0",En familia,Habitación Cuádruple Deluxe,4/12/2022
1098,Miguel,Fantástico,Esta entrada no tiene comentarios,,España,"9,0",En pareja,Habitación Doble - 1 o 2 camas,4/12/2022
1099,Jose,Excepcional,Esta entrada no tiene comentarios,,España,10,En pareja,Habitación Doble Deluxe,3/12/2022
1100,Jordi,Excepcional,Esta entrada no tiene comentarios,,España,10,En pareja,Habitación Doble - 1 o 2 camas,2/12/2022
1101,Susana,Muy bien,Esta entrada no tiene comentarios,,España,"8,0",En grupo,Habitación Doble Deluxe,1/12/2022
1102,Eva,Fantástico,Esta entrada no tiene comentarios,,España,"9,0",En familia,Habitación Doble Deluxe,29/11/2022
1103,Trujillo,Muy bien,Esta entrada no tiene comentarios,,España,"8,0",Persona que viaja sola,Habitación Doble - 1 o 2 camas,28/11/2022
1104,Teresa,Excepcional,Esta entrada no tiene comentarios,,España,10,En pareja,Habitación Doble - 1 o 2 camas,25/11/2022
1105,Albert,Excepcional,Esta entrada no tiene comentarios,,España,10,En pareja,Habitación Doble - 1 o 2 camas,24/11/2022
1106,Noemi,Fantástico,Esta entrada no tiene comentarios,,España,"9,0",En grupo,Habitación Cuádruple Deluxe,23/11/2022
1107,Claudia,Muy bien,Esta entrada no tiene comentarios,,España,"8,0",En grupo,Habitación Triple,23/11/2022
1108,Clara,Muy bien,Esta entrada no tiene comentarios,,España,"8,0",En familia,Habitación Cuádruple Estándar,23/11/2022
1109,Rocio,Excepcional,Esta entrada no tiene comentarios,,España,10,En pareja,Habitación Cuádruple Deluxe,21/11/2022
1110,Misabel,Muy bien,Esta entrada no tiene comentarios,,España,"8,0",En familia,Habitación Cuádruple Estándar,20/11/2022
1111,Noelia,Excepcional,Esta entrada no tiene comentarios,,España,10,En pareja,Habitación Doble - 1 o 2 camas,18/11/2022
1112,Kevin,Excepcional,Esta entrada no tiene comentarios,,España,10,En pareja,Habitación Doble Deluxe,18/11/2022
1113,Paula,Muy bien,Esta entrada no tiene comentarios,,España,"8,0",En pareja,Habitación Doble - 1 o 2 camas,17/11/2022
1114,M,Bien,Esta entrada no tiene comentarios,,España,"7,9",En familia,Habitación Doble Deluxe,17/11/2022
1115,Lorena,Fantástico,Esta entrada no tiene comentarios,,España,"9,0",En pareja,Habitación Doble Deluxe,16/11/2022
1116,Maria,Excepcional,Esta entrada no tiene comentarios,,España,10,En familia,Habitación Triple,13/11/2022
1117,Arregui,Fantástico,Esta entrada no tiene comentarios,,España,"9,0",En pareja,Habitación Doble Deluxe,13/11/2022
1118,Andrea,Muy bien,Esta entrada no tiene comentarios,,España,"8,0",En pareja,Habitación Doble - 1 o 2 camas,12/11/2022
1119,Jeep,Fantástico,Esta entrada no tiene comentarios,,España,"9,0",En pareja,Habitación Doble - 1 o 2 camas,8/11/2022
1120,Francisco,Fantástico,Esta entrada no tiene comentarios,,España,"9,0",En familia,Habitación Cuádruple Estándar,7/11/2022
1121,Marta,Fantástico,Esta entrada no tiene comentarios,,España,"9,0",En pareja,Habitación Doble - 1 o 2 camas,6/11/2022
1122,Oscar,Fantástico,Esta entrada no tiene comentarios,,España,"9,0",En familia,Habitación Doble - 1 o 2 camas,5/11/2022
1123,Eduard,Fantástico,Esta entrada no tiene comentarios,,España,"9,0",En pareja,Habitación Doble Deluxe,5/11/2022
1124,Rufino,Fantástico,Esta entrada no tiene comentarios,,España,"9,0",En pareja,Habitación Doble Deluxe,2/11/2022
1125,Pepa,Muy bien,Esta entrada no tiene comentarios,,España,"8,0",En familia,Habitación Cuádruple Estándar,2/11/2022
1126,Javier,Fantástico,Esta entrada no tiene comentarios,,España,"9,0",En familia,Habitación Doble - 1 o 2 camas,1/11/2022
1127,Maria,Muy bien,Esta entrada no tiene comentarios,,España,"8,0",En familia,Habitación Cuádruple Estándar,1/11/2022
1128,Josep,Fantástico,Esta entrada no tiene comentarios,,España,"9,0",En familia,Habitación Doble Deluxe,31/10/2022
1129,Sofía,Fantástico,Esta entrada no tiene comentarios,,España,"9,0",En familia,Habitación Cuádruple Estándar,29/10/2022
1130,Daniel,Excepcional,Esta entrada no tiene comentarios,,España,10,En grupo,Habitación Cuádruple Deluxe,22/10/2022
1131,Ainoa,Fantástico,Esta entrada no tiene comentarios,,España,"9,0",En pareja,Habitación Doble - 1 o 2 camas,21/10/2022
1132,José,Muy bien,Esta entrada no tiene comentarios,,España,"8,0",En pareja,Habitación Doble - 1 o 2 camas,20/10/2022
1133,Jordi,Excepcional,Esta entrada no tiene comentarios,,España,10,En grupo,Habitación Doble - 1 o 2 camas,17/10/2022
1134,Paco,Muy bien,Esta entrada no tiene comentarios,,España,"8,0",En familia,Habitación Cuádruple Estándar,16/10/2022
1135,Jacob,Muy bien,Esta entrada no tiene comentarios,,España,"8,0",En familia,Habitación Doble - 1 o 2 camas,16/10/2022
1136,Beatriz,Fantástico,Esta entrada no tiene comentarios,,España,"9,0",En familia,Habitación Familiar Deluxe,13/10/2022
1137,Alfonso,Excepcional,Esta entrada no tiene comentarios,,España,10,En familia,Habitación Cuádruple Estándar,10/10/2022
1138,Damian,Excepcional,Esta entrada no tiene comentarios,,España,10,En familia,Habitación Cuádruple Estándar,9/10/2022
1139,Richard,Excepcional,Esta entrada no tiene comentarios,,España,10,En pareja,Habitación Doble Deluxe,5/10/2022
1140,Francisco,Excepcional,Esta entrada no tiene comentarios,,España,10,En pareja,Habitación Doble - 1 o 2 camas,3/10/2022
1141,Montse,Fantástico,Esta entrada no tiene comentarios,,España,"9,0",En familia,Habitación Cuádruple Estándar,2/10/2022
1142,Míriam,Excepcional,Esta entrada no tiene comentarios,,España,10,En pareja,Habitación Doble - 1 o 2 camas,2/10/2022
1143,Daniel,Excepcional,Esta entrada no tiene comentarios,,España,10,En pareja,Habitación Doble - 1 o 2 camas,28/09/2022
1144,Jorge,Muy bien,Esta entrada no tiene comentarios,,España,"8,0",En familia,Habitación Doble - 1 o 2 camas,27/09/2022
1145,Noemi,Muy bien,Esta entrada no tiene comentarios,,España,"8,0",En pareja,Habitación Doble Deluxe,27/09/2022
1146,Aitor,Fantástico,Esta entrada no tiene comentarios,,España,"9,0",Persona que viaja sola,Habitación Doble - 1 o 2 camas,27/09/2022
1147,Dani,Fantástico,Esta entrada no tiene comentarios,,España,"9,0",En familia,Habitación Triple,26/09/2022
1148,Jorge,Muy bien,Esta entrada no tiene comentarios,,España,"8,0",En familia,Habitación Cuádruple Estándar,26/09/2022
1149,Francisca,Muy bien,Esta entrada no tiene comentarios,,España,"8,0",En familia,Habitación Cuádruple Estándar,25/09/2022
1150,Sergi,Excepcional,Esta entrada no tiene comentarios,,España,10,En pareja,Habitación Doble Deluxe,23/09/2022
1151,Carlos,Fantástico,Esta entrada no tiene comentarios,,España,"9,0",En familia,Habitación Cuádruple Estándar,22/09/2022
1152,Joan,Excepcional,Esta entrada no tiene comentarios,,España,10,En familia,Habitación Cuádruple Deluxe,19/09/2022
1153,González,Excepcional,Esta entrada no tiene comentarios,,España,10,En pareja,Habitación Doble Deluxe,19/09/2022
1154,Careipa,Excepcional,Esta entrada no tiene comentarios,,España,10,En pareja,Habitación Doble Deluxe,15/09/2022
1155,Vicente,Fantástico,Esta entrada no tiene comentarios,,España,"9,0",En pareja,Habitación Triple,15/09/2022
1156,Ribares,Excepcional,Esta entrada no tiene comentarios,,España,10,En pareja,Habitación Cuádruple Estándar,15/09/2022
1157,Sergio,Excepcional,Esta entrada no tiene comentarios,,España,10,En pareja,Habitación Cuádruple Estándar,12/09/2022
1158,Mar,Fantástico,Esta entrada no tiene comentarios,,España,"9,0",En familia,Habitación Triple,11/09/2022
1159,Ana,Fantástico,Esta entrada no tiene comentarios,,España,"9,0",En pareja,Habitación Doble - 1 o 2 camas,9/09/2022
1160,Natalia,Excepcional,Esta entrada no tiene comentarios,,España,10,En familia,Habitación Familiar,8/09/2022
1161,Joan,Excepcional,Esta entrada no tiene comentarios,,España,10,En pareja,Habitación Doble - 1 o 2 camas,8/09/2022
1162,Maria,Fantástico,Esta entrada no tiene comentarios,,España,"9,0",En familia,Habitación Triple,8/09/2022
1163,Montse,Excepcional,Esta entrada no tiene comentarios,,España,10,En familia,Habitación Cuádruple Deluxe,7/09/2022
1164,Raul,Fantástico,Esta entrada no tiene comentarios,,España,"9,0",En familia,Habitación Cuádruple Estándar,7/09/2022
1165,Rafael,Excepcional,Esta entrada no tiene comentarios,,España,10,En grupo,Habitación Triple,7/09/2022
1166,Luri,Fantástico,Esta entrada no tiene comentarios,,España,"9,0",En familia,Habitación Cuádruple Estándar,6/09/2022
1167,Laura,Fantástico,Esta entrada no tiene comentarios,,España,"9,0",En pareja,Habitación Doble - 1 o 2 camas,5/09/2022
1168,Carmen,Fantástico,Esta entrada no tiene comentarios,,España,"9,0",En familia,Habitación Cuádruple Estándar,5/09/2022
1169,Cinta,Fantástico,Esta entrada no tiene comentarios,,España,"9,0",En pareja,Habitación Doble - 1 o 2 camas,5/09/2022
1170,Lexuri,Excepcional,Esta entrada no tiene comentarios,,España,10,En familia,Habitación Triple,5/09/2022
1171,José,Excepcional,Esta entrada no tiene comentarios,,España,10,En familia,Habitación Triple,3/09/2022
1172,Jose,Excepcional,Esta entrada no tiene comentarios,,España,10,En familia,Habitación Cuádruple Deluxe,3/09/2022
1173,Begoña,Excepcional,Esta entrada no tiene comentarios,,España,10,En grupo,Habitación Cuádruple Estándar,3/09/2022
1174,Gonzalo,Excepcional,Esta entrada no tiene comentarios,,España,10,En familia,Habitación Familiar,3/09/2022
1175,Javier,Muy bien,Esta entrada no tiene comentarios,,España,"8,0",En familia,Habitación Triple,3/09/2022
1176,Manuel,Fantástico,Esta entrada no tiene comentarios,,España,"9,0",En grupo,Habitación Triple,3/09/2022
1177,Laura,Fantástico,Esta entrada no tiene comentarios,,España,"9,0",En pareja,Habitación Doble - 1 o 2 camas,2/09/2022
1178,Ainhoa,Fantástico,Esta entrada no tiene comentarios,,España,"9,0",En pareja,Habitación Doble - 1 o 2 camas,2/09/2022
1179,David,Excepcional,Esta entrada no tiene comentarios,,España,10,En grupo,Habitación Cuádruple Estándar,2/09/2022
1180,Laura,Muy bien,Esta entrada no tiene comentarios,,España,"8,0",En familia,Habitación Cuádruple Estándar,1/09/2022
1181,Jaume,Muy bien,Esta entrada no tiene comentarios,,España,"8,0",En pareja,Habitación Doble - 1 o 2 camas,31/08/2022
1182,Andreia,Fantástico,Esta entrada no tiene comentarios,,España,"9,0",En pareja,Habitación Doble - 1 o 2 camas,28/08/2022
1183,Vilar,Excepcional,Esta entrada no tiene comentarios,,España,10,Persona que viaja sola,Habitación Doble - 1 o 2 camas,28/08/2022
1184,Ana,Fantástico,Esta entrada no tiene comentarios,,España,"9,0",En familia,Habitación Cuádruple Estándar,26/08/2022
1185,Las,Muy bien,Esta entrada no tiene comentarios,,España,"8,0",En familia,Habitación Familiar,22/08/2022
1186,Ricardo,Muy bien,Esta entrada no tiene comentarios,,"Abjasia, ​Georgia","8,0",En familia,Habitación Cuádruple Deluxe,21/08/2022
1187,Jose,Fantástico,Esta entrada no tiene comentarios,,España,"9,0",En familia,Habitación Cuádruple Deluxe,21/08/2022
1188,Victor,Excepcional,Esta entrada no tiene comentarios,,España,10,En grupo,Habitación Cuádruple Deluxe,20/08/2022
1189,Pere,Fantástico,Esta entrada no tiene comentarios,,España,"9,0",En grupo,Habitación Cuádruple Estándar,19/08/2022
1190,Alicia,Excepcional,Esta entrada no tiene comentarios,,España,10,En familia,Habitación Triple,18/08/2022
1191,Joan,Excepcional,Esta entrada no tiene comentarios,,España,10,En grupo,Habitación Triple,18/08/2022
1192,María,Muy bien,Esta entrada no tiene comentarios,,España,"8,0",En familia,Habitación Cuádruple Estándar,17/08/2022
1193,Xavier,Muy bien,Esta entrada no tiene comentarios,,España,"8,0",En familia,Habitación Cuádruple Estándar,15/08/2022
1194,Compte,Fantástico,Esta entrada no tiene comentarios,,España,"9,0",En familia,Habitación Cuádruple Deluxe,14/08/2022
1195,Gabriel,Muy bien,Esta entrada no tiene comentarios,,España,"8,0",Persona que viaja sola,Habitación Triple,14/08/2022
1196,Martinez,Fantástico,Esta entrada no tiene comentarios,,España,"9,0",En familia,Habitación Cuádruple Estándar,14/08/2022
1197,Morales,Excepcional,Esta entrada no tiene comentarios,,España,10,En pareja,Habitación Doble - 1 o 2 camas,13/08/2022
1198,Mercè,Muy bien,Esta entrada no tiene comentarios,,España,"8,0",En familia,Habitación Cuádruple Estándar,13/08/2022
1199,Rigelbcn,Muy bien,Esta entrada no tiene comentarios,,España,"8,0",En familia,Habitación Triple,12/08/2022
1200,Luis,Excepcional,Esta entrada no tiene comentarios,,España,10,En familia,Habitación Cuádruple Deluxe,12/08/2022
1201,Carmen,Fantástico,Esta entrada no tiene comentarios,,España,"9,0",En pareja,Habitación Doble - 1 o 2 camas,12/08/2022
1202,Olga,Fantástico,Esta entrada no tiene comentarios,,España,"9,0",En familia,Habitación Cuádruple Estándar,12/08/2022
1203,Erika,Fantástico,Esta entrada no tiene comentarios,,España,"9,0",En familia,Habitación Cuádruple Deluxe,11/08/2022
1204,Josep,Excepcional,Esta entrada no tiene comentarios,,España,10,En familia,Habitación Cuádruple Deluxe,11/08/2022
1205,Sergi,Excepcional,Esta entrada no tiene comentarios,,España,10,En familia,Habitación Cuádruple Estándar,9/08/2022
1206,Francesca,Excepcional,Esta entrada no tiene comentarios,,España,10,En grupo,Habitación Triple,9/08/2022
1207,Víctor,Muy bien,Esta entrada no tiene comentarios,,España,"8,0",En grupo,Habitación Cuádruple Deluxe,9/08/2022
1208,Andreea,Excepcional,Esta entrada no tiene comentarios,,Rumanía,10,En familia,Habitación Cuádruple Estándar,9/08/2022
1209,Sergio,Fantástico,Esta entrada no tiene comentarios,,España,"9,0",En pareja,Habitación Doble Deluxe,8/08/2022
1210,Nuria,Excepcional,Esta entrada no tiene comentarios,,España,10,En familia,Habitación Cuádruple Estándar,7/08/2022
1211,Roser,Excepcional,Esta entrada no tiene comentarios,,España,10,En familia,Habitación Cuádruple Estándar,5/08/2022
1212,De,Excepcional,Esta entrada no tiene comentarios,,España,10,En pareja,Habitación Triple,5/08/2022
1213,Luna,Muy bien,Esta entrada no tiene comentarios,,España,"8,0",En familia,Habitación Cuádruple Estándar,4/08/2022
1214,Ana,Excepcional,Esta entrada no tiene comentarios,,España,10,En familia,Habitación Cuádruple Estándar,3/08/2022
1215,Yolanda,Muy bien,Esta entrada no tiene comentarios,,España,"8,0",En familia,Habitación Cuádruple Deluxe,1/08/2022
1216,Andreu,Muy bien,Esta entrada no tiene comentarios,,España,"8,0",En pareja,Habitación Doble Deluxe,29/07/2022
1217,David,Muy bien,Esta entrada no tiene comentarios,,España,"8,0",En familia,Habitación Triple,27/07/2022
1218,Laura,Siempre que visito Andorra me alojo aquí,Esta entrada no tiene comentarios,,España,"9,0",En familia,Habitación Doble - 1 o 2 camas,25/07/2022
1219,Manuel,Muy bien,Esta entrada no tiene comentarios,,España,"8,0",En pareja,Habitación Doble - 1 o 2 camas,25/07/2022
1220,Teodora,Excepcional,Esta entrada no tiene comentarios,,España,10,En grupo,Habitación Doble - 1 o 2 camas,24/07/2022
1221,Cristian,Excepcional,Esta entrada no tiene comentarios,,España,10,En pareja,Habitación Doble - 1 o 2 camas,22/07/2022
1222,Olga,Fantástico,Esta entrada no tiene comentarios,,España,"9,0",En grupo,Habitación Cuádruple Estándar,21/07/2022
1223,Marta,Fantástico,Esta entrada no tiene comentarios,,España,"9,0",En familia,Habitación Cuádruple Estándar,20/07/2022
1224,Georgina,Muy bien,Esta entrada no tiene comentarios,,España,"8,0",En pareja,Habitación Doble Deluxe,19/07/2022
1225,Maria_jose_pa_al,Fantástico,Esta entrada no tiene comentarios,,España,"9,0",En familia,Habitación Cuádruple Estándar,18/07/2022
1226,Carlos,Excepcional,Esta entrada no tiene comentarios,,España,10,En grupo,Habitación Triple,17/07/2022
1227,Raquel,Excepcional,Esta entrada no tiene comentarios,,España,10,En familia,Habitación Familiar,17/07/2022
1228,Daniel,Fantástico,Esta entrada no tiene comentarios,,España,"9,0",En grupo,Habitación Triple,16/07/2022
1229,Jesús,Fantástico,Esta entrada no tiene comentarios,,España,"9,0",En grupo,Habitación Individual,15/07/2022
1230,Leonardo,Excepcional,Esta entrada no tiene comentarios,,España,10,En familia,Habitación Triple (2 adultos + 1 niño),15/07/2022
1231,Noly,Muy bien,Esta entrada no tiene comentarios,,España,"8,0",Persona que viaja sola,Habitación Doble - 1 o 2 camas,15/07/2022
1232,Jordi,Muy bien,Esta entrada no tiene comentarios,,España,"8,0",En familia,Habitación Cuádruple Estándar,14/07/2022
1233,Richard,Muy bien,Esta entrada no tiene comentarios,,España,"8,0",En pareja,Habitación Doble Deluxe,12/07/2022
1234,Gloria,Excepcional,Esta entrada no tiene comentarios,,España,10,En pareja,Habitación Doble - 1 o 2 camas,11/07/2022
1235,Mario,Muy bien,Esta entrada no tiene comentarios,,España,"8,0",En familia,Habitación Cuádruple Deluxe,11/07/2022
1236,Mariol,Muy bien,Esta entrada no tiene comentarios,,España,"8,0",En familia,Habitación Doble - 1 o 2 camas,10/07/2022
1237,Laura,calidad precio bueno,Esta entrada no tiene comentarios,,España,"9,0",En familia,Habitación Cuádruple Estándar,10/07/2022
1238,Jessica,Muy bien,Esta entrada no tiene comentarios,,España,"8,0",En pareja,Habitación Triple,8/07/2022
1239,Miriam,Todo perfecto,Esta entrada no tiene comentarios,,España,10,En pareja,Habitación Doble - 1 o 2 camas,8/07/2022
1240,Jose,Fantástico,Esta entrada no tiene comentarios,,España,"9,0",Persona que viaja sola,Habitación Individual,8/07/2022
1241,Cuesta,Fantástico,Esta entrada no tiene comentarios,,España,"9,0",En pareja,Habitación Doble - 1 o 2 camas,4/07/2022
1242,Laura,Fantástico,Esta entrada no tiene comentarios,,España,"9,0",En familia,Habitación Triple,28/06/2022
1243,Pep,Fantástico,Esta entrada no tiene comentarios,,España,"9,0",En pareja,Habitación Doble - 1 o 2 camas,28/06/2022
1244,Salud,Excepcional,Esta entrada no tiene comentarios,,España,10,En familia,Habitación Triple,27/06/2022
1245,Valentin,Excepcional,Esta entrada no tiene comentarios,,España,10,En grupo,Habitación Familiar,27/06/2022
1246,Mª,Muy bien,Esta entrada no tiene comentarios,,España,"8,0",En pareja,Habitación Doble - 1 o 2 camas,23/06/2022
1247,2015,Excepcional,Esta entrada no tiene comentarios,,España,10,Persona que viaja sola,Habitación Individual,18/06/2022
1248,Bruno,Muy bien,Esta entrada no tiene comentarios,,España,"8,0",En grupo,Habitación Triple,16/06/2022
1249,Adriana,Excepcional,Esta entrada no tiene comentarios,,España,10,En grupo,Habitación Triple,16/06/2022
1250,Mercedes,Excepcional,Esta entrada no tiene comentarios,,España,10,En pareja,Habitación Doble - 1 o 2 camas,14/06/2022
1251,Cesar,Fantástico,Esta entrada no tiene comentarios,,España,"9,0",En pareja,Habitación Doble - 1 o 2 camas,12/06/2022
1252,Mbouly,Fantástico,Esta entrada no tiene comentarios,,España,"9,0",En pareja,Habitación Doble - 1 o 2 camas,10/06/2022
1253,Mercè,Muy bien,Esta entrada no tiene comentarios,,España,"8,0",En pareja,Habitación Doble - 1 o 2 camas,10/06/2022
1254,Lourdes,Muy bien,Esta entrada no tiene comentarios,,España,"8,0",En pareja,Habitación Doble - 1 o 2 camas,9/06/2022
1255,Jordi,Muy bien,Esta entrada no tiene comentarios,,España,"8,0",En familia,Habitación Familiar,7/06/2022
1256,Jose,Fantástico,Esta entrada no tiene comentarios,,España,"9,0",En familia,Habitación Cuádruple Estándar,6/06/2022
1257,Marta,Excepcional,Esta entrada no tiene comentarios,,España,10,En pareja,Habitación Doble - 1 o 2 camas,29/05/2022
1258,Adina,Muy bonita la habitación y muy limpia,Esta entrada no tiene comentarios,,España,10,En pareja,Habitación Doble - 1 o 2 camas,28/05/2022
1259,Aagustin,Excepcional,Esta entrada no tiene comentarios,,España,10,En pareja,Habitación Cuádruple Deluxe,22/05/2022
1260,Carlos,Fantástico,Esta entrada no tiene comentarios,,España,"9,0",En familia,Habitación Familiar,22/05/2022
1261,Lorea,Fantástico,Esta entrada no tiene comentarios,,España,"9,0",En familia,Habitación Doble - 1 o 2 camas,19/05/2022
1262,Mari,Excepcional,Esta entrada no tiene comentarios,,España,10,En pareja,Habitación Doble - 1 o 2 camas,16/05/2022
1263,Wolfenson,Excepcional,Esta entrada no tiene comentarios,,España,10,En pareja,Habitación Doble - 1 o 2 camas,14/05/2022
1264,Ariadna,Excepcional,Esta entrada no tiene comentarios,,España,10,En familia,Habitación Doble - 1 o 2 camas,11/05/2022
1265,Teresa,Excepcional,Esta entrada no tiene comentarios,,España,10,En familia,Habitación Triple,9/05/2022
1266,Miryam,Muy bien,Esta entrada no tiene comentarios,,España,"8,0",En familia,Habitación Cuádruple Estándar,8/05/2022
1267,Facundo,Muy bien,Esta entrada no tiene comentarios,,España,"8,0",En pareja,Habitación Doble Deluxe,5/05/2022
1268,Jose,Excepcional,Esta entrada no tiene comentarios,,España,10,En familia,Habitación Triple,2/05/2022
1269,Elena,Excepcional,Esta entrada no tiene comentarios,,España,10,En pareja,Habitación Doble - 1 o 2 camas,2/05/2022
1270,Claudia,Fantástico,Esta entrada no tiene comentarios,,España,"9,0",En familia,Habitación Cuádruple Estándar,30/04/2022
1271,Bibiana,Excepcional,Esta entrada no tiene comentarios,,España,10,En pareja,Habitación Doble - 1 o 2 camas,29/04/2022
1272,Cris,Fantástico,Esta entrada no tiene comentarios,,España,"9,0",En pareja,Habitación Doble - 1 o 2 camas,24/04/2022
1273,Silvia,Muy bien,Esta entrada no tiene comentarios,,España,"8,0",En familia,Habitación Triple,24/04/2022
1274,Aurora,Muy bien,Esta entrada no tiene comentarios,,España,"8,0",En pareja,Habitación Doble Deluxe,24/04/2022
1275,Maria,Excepcional,Esta entrada no tiene comentarios,,España,10,En familia,Habitación Familiar Deluxe,21/04/2022
1276,Hugo,Excepcional,Esta entrada no tiene comentarios,,España,10,En pareja,Habitación Doble - 1 o 2 camas,19/04/2022
1277,Madda,Fantástico,Esta entrada no tiene comentarios,,España,"9,0",En familia,Habitación Cuádruple Estándar,18/04/2022
1278,Fernando,Fantástico,Esta entrada no tiene comentarios,,España,"9,0",En familia,Habitación Cuádruple Deluxe,18/04/2022
1279,Jaume,Excepcional,Esta entrada no tiene comentarios,,España,10,En familia,Habitación Triple,18/04/2022
1280,David,Fantástico,Esta entrada no tiene comentarios,,España,"9,0",En familia,Habitación Cuádruple Estándar,17/04/2022
1281,Silvia,Excepcional,Esta entrada no tiene comentarios,,España,10,En familia,Habitación Familiar,16/04/2022
1282,Alexandra,Excepcional,Esta entrada no tiene comentarios,,España,10,En familia,Habitación Cuádruple Deluxe,15/04/2022
1283,Carla,Muy bien,Esta entrada no tiene comentarios,,España,"8,0",En pareja,Habitación Doble - 1 o 2 camas,15/04/2022
1284,Angela,Muy bien,Esta entrada no tiene comentarios,,España,"8,0",En familia,Habitación Cuádruple Estándar,14/04/2022
1285,Francisco,Fantástico,Esta entrada no tiene comentarios,,España,"9,0",En pareja,Habitación Doble - 1 o 2 camas,12/04/2022
1286,Josep,Fantástico,Esta entrada no tiene comentarios,,España,"9,0",En familia,Habitación Cuádruple Estándar,11/04/2022
1287,Joseph,Muy bien,Esta entrada no tiene comentarios,,España,"8,0",En familia,Habitación Familiar,10/04/2022
1288,Belén,Fantástico,Esta entrada no tiene comentarios,,España,"9,0",En pareja,Habitación Doble - 1 o 2 camas,5/04/2022
1289,Ana,Muy bien,Esta entrada no tiene comentarios,,España,"8,0",En familia,Habitación Cuádruple Estándar,4/04/2022
1290,David,Excepcional,Esta entrada no tiene comentarios,,España,10,En grupo,Habitación Familiar Deluxe,4/04/2022
1291,Luisa,Fantástico,Esta entrada no tiene comentarios,,España,"9,0",En pareja,Habitación Doble - 1 o 2 camas,1/04/2022
1292,Rubén,Excepcional,Esta entrada no tiene comentarios,,España,10,En pareja,Habitación Doble - 1 o 2 camas,1/04/2022
1293,González,Excepcional,Esta entrada no tiene comentarios,,España,10,En familia,Habitación Cuádruple Estándar,31/03/2022
1294,Irene,Excepcional,Esta entrada no tiene comentarios,,España,10,En pareja,Habitación Doble - 1 o 2 camas,25/03/2022
1295,Paula,Excepcional,Esta entrada no tiene comentarios,,España,10,En pareja,Habitación Doble - 1 o 2 camas,24/03/2022
1296,Emma,Excepcional,Esta entrada no tiene comentarios,,España,10,En grupo,Habitación Cuádruple Estándar,22/03/2022
1297,Jaime,Excepcional,Esta entrada no tiene comentarios,,España,10,En familia,Habitación Cuádruple Deluxe,21/03/2022
1298,Raquel,Muy bien,Esta entrada no tiene comentarios,,España,"8,0",En grupo,Habitación Doble - 1 o 2 camas,20/03/2022
1299,Àleex14,Fantástico,Esta entrada no tiene comentarios,,España,"9,0",En grupo,Habitación Triple,18/03/2022
1300,Sergim92,Muy bien,Esta entrada no tiene comentarios,,España,"8,0",En pareja,Habitación Doble - 1 o 2 camas,16/03/2022
1301,Victor,Fantástico,Esta entrada no tiene comentarios,,España,"9,0",En grupo,Habitación Cuádruple Estándar,14/03/2022
1302,Ana,Excepcional,Esta entrada no tiene comentarios,,Uruguay,10,En pareja,Habitación Cuádruple Estándar,14/03/2022
1303,Sergio,Fantástico,Esta entrada no tiene comentarios,,España,"9,0",En familia,Habitación Doble - 1 o 2 camas,13/03/2022
1304,Montse,Fantástico,Esta entrada no tiene comentarios,,España,"9,0",En familia,Habitación Cuádruple Estándar,10/03/2022
1305,Rubén,Excepcional,Esta entrada no tiene comentarios,,España,10,En pareja,Habitación Doble - 1 o 2 camas,9/03/2022
1306,Marina,Excepcional,Esta entrada no tiene comentarios,,España,10,En pareja,Habitación Doble - 1 o 2 camas,7/03/2022
1307,Ferran,Excepcional,Esta entrada no tiene comentarios,,España,10,En pareja,Habitación Doble - 1 o 2 camas,5/03/2022
1308,Maria,Fantástico,Esta entrada no tiene comentarios,,España,"9,0",En familia,Habitación Cuádruple Estándar,5/03/2022
1309,Mauricio,Muy bien,Esta entrada no tiene comentarios,,Uruguay,"8,0",En familia,Habitación Cuádruple Estándar,3/03/2022
1310,Valeri,Muy bien,Esta entrada no tiene comentarios,,España,"8,0",En pareja,Habitación Doble - 1 o 2 camas,2/03/2022
1311,Dlc,Excepcional,Esta entrada no tiene comentarios,,España,10,En familia,Habitación Cuádruple Estándar,2/03/2022
1312,Llorens,Muy bien,Esta entrada no tiene comentarios,,España,"8,0",En familia,Habitación Triple,28/02/2022
1313,Iglesias,Excepcional,Esta entrada no tiene comentarios,,España,10,En pareja,Habitación Doble - 1 o 2 camas,27/02/2022
1314,Andreu,Muy bien,Esta entrada no tiene comentarios,,España,"8,0",En familia,Habitación Cuádruple Deluxe,26/02/2022
1315,Cristian,Excepcional,Esta entrada no tiene comentarios,,España,10,En pareja,Habitación Doble - 1 o 2 camas,25/02/2022
1316,Pere,Muy bien,Esta entrada no tiene comentarios,,España,"8,0",En familia,Habitación Triple,22/02/2022
1317,Luis,No fue la primera vez ni será la última.,Esta entrada no tiene comentarios,,España,"9,0",En familia,Habitación Cuádruple Estándar,21/02/2022
1318,Adam,Excepcional,Esta entrada no tiene comentarios,,España,10,En grupo,Habitación Triple,21/02/2022
1319,Aina,Muy bien,Esta entrada no tiene comentarios,,España,"8,0",En grupo,Habitación Cuádruple Estándar,21/02/2022
1320,Carla,Muy bien,Esta entrada no tiene comentarios,,España,"8,0",En pareja,Habitación Doble Deluxe,20/02/2022
1321,Isabel,Excepcional,Esta entrada no tiene comentarios,,España,10,En pareja,Habitación Doble - 1 o 2 camas,18/02/2022
1322,Jose,Muy bien,Esta entrada no tiene comentarios,,España,"8,0",En pareja,Habitación Doble - 1 o 2 camas,17/02/2022
1323,Aguilar,Muy bien,Esta entrada no tiene comentarios,,España,"8,0",En pareja,Habitación Doble - 1 o 2 camas,17/02/2022
1324,Adam,Excepcional,Esta entrada no tiene comentarios,,España,10,En familia,Habitación Triple,16/02/2022
1325,Jose,Excepcional,Esta entrada no tiene comentarios,,España,10,En familia,Habitación Triple,16/02/2022
1326,María,Fantástico,Esta entrada no tiene comentarios,,España,"9,0",En pareja,Habitación Doble - 1 o 2 camas,14/02/2022
1327,Carlos,Fantástico,Esta entrada no tiene comentarios,,España,"9,0",En grupo,Habitación Cuádruple Estándar,14/02/2022
1328,Joaquim,Muy bien,Esta entrada no tiene comentarios,,España,"8,0",En grupo,Habitación Cuádruple Estándar,14/02/2022
1329,Leyre,Muy bien,Esta entrada no tiene comentarios,,España,"8,0",En pareja,Habitación Doble - 1 o 2 camas,13/02/2022
1330,Veronica,Excepcional,Esta entrada no tiene comentarios,,España,10,En familia,Habitación Familiar Deluxe,11/02/2022
1331,Miryam,Fantástico,Esta entrada no tiene comentarios,,España,"9,0",En familia,Habitación Triple,8/02/2022
1332,Cristina,Excepcional,Esta entrada no tiene comentarios,,España,10,En pareja,Habitación Doble - 1 o 2 camas,8/02/2022
1333,Mariona,Excepcional,Esta entrada no tiene comentarios,,España,10,En pareja,Habitación Doble - 1 o 2 camas,7/02/2022
1334,Carla,Fantástico,Esta entrada no tiene comentarios,,España,"9,0",En pareja,Habitación Doble - 1 o 2 camas,3/02/2022
1335,Anna,Excepcional,Esta entrada no tiene comentarios,,España,10,En pareja,Habitación Doble - 1 o 2 camas,2/02/2022
1336,Jorge,Muy bien,Esta entrada no tiene comentarios,,España,"8,0",En pareja,Habitación Doble - 1 o 2 camas,2/02/2022
1337,Irene,Muy bien,Esta entrada no tiene comentarios,,España,"8,0",En pareja,Habitación Cuádruple Deluxe,1/02/2022
1338,Alfonso,Me he alojado en muchos hoteles en Andorra este es de lo mejor que he estado.,Esta entrada no tiene comentarios,,España,10,En pareja,Habitación Doble - 1 o 2 camas,31/01/2022
1339,Oscar,Excepcional,Esta entrada no tiene comentarios,,España,10,En pareja,Habitación Doble - 1 o 2 camas,28/01/2022
1340,Francesc,Fantástico,Esta entrada no tiene comentarios,,España,"9,0",En pareja,Habitación Doble - 1 o 2 camas,28/01/2022
1341,Cristian,Fantástico,Esta entrada no tiene comentarios,,España,"9,0",En pareja,Habitación Doble - 1 o 2 camas,27/01/2022
1342,Jose,Fantástico,Esta entrada no tiene comentarios,,España,"9,0",En grupo,Habitación Doble - 1 o 2 camas,26/01/2022
1343,Jose,Muy bien,Esta entrada no tiene comentarios,,España,"8,0",En pareja,Habitación Doble - 1 o 2 camas,25/01/2022
1344,Alex,Fantástico,Esta entrada no tiene comentarios,,España,"9,0",En pareja,Habitación Doble - 1 o 2 camas,24/01/2022
1345,Ana,Excepcional,Esta entrada no tiene comentarios,,España,10,En pareja,Habitación Cuádruple Estándar,24/01/2022
1346,David,Excepcional,Esta entrada no tiene comentarios,,España,10,En familia,Habitación Doble - 1 o 2 camas,24/01/2022
1347,Nuria,Excepcional,Esta entrada no tiene comentarios,,España,10,En grupo,Habitación Cuádruple Estándar,23/01/2022
1348,Pedro,Excepcional,Esta entrada no tiene comentarios,,España,10,En familia,Habitación Familiar,22/01/2022
1349,Angel,Fantástico,Esta entrada no tiene comentarios,,España,"9,0",En pareja,Habitación Doble - 1 o 2 camas,17/01/2022
1350,Jose,Fantástico,Esta entrada no tiene comentarios,,España,"9,0",En pareja,Habitación Doble - 1 o 2 camas,17/01/2022
1351,Jingjing,Excepcional,Esta entrada no tiene comentarios,,España,10,En familia,Habitación Cuádruple Deluxe,16/01/2022
1352,Maria,Fantástico,Esta entrada no tiene comentarios,,España,"9,0",En pareja,Habitación Doble - 1 o 2 camas,16/01/2022
1353,Cristina,Muy bien,Esta entrada no tiene comentarios,,España,"8,0",En familia,Habitación Cuádruple Estándar,13/01/2022
1354,Victor,Excepcional,Esta entrada no tiene comentarios,,España,10,En familia,Habitación Triple,13/01/2022
1355,Pedro,Muy bien,Esta entrada no tiene comentarios,,España,"8,0",En familia,Habitación Cuádruple Estándar,11/01/2022
1356,Virginia,Muy bien,Esta entrada no tiene comentarios,,España,"8,0",En familia,Habitación Familiar,10/01/2022
1357,Sandra,Excepcional,Esta entrada no tiene comentarios,,España,10,En grupo,Habitación Familiar,9/01/2022
1358,Valentin,Excepcional,Esta entrada no tiene comentarios,,España,10,En familia,Habitación Cuádruple Estándar,9/01/2022
1359,Ligia,Fantástico,Esta entrada no tiene comentarios,,España,"9,0",En familia,Habitación Cuádruple Estándar,9/01/2022
1360,Angel,Muy bien,Esta entrada no tiene comentarios,,España,"8,0",En familia,Habitación Cuádruple Estándar,7/01/2022
1361,Chiara,Fantástico,Esta entrada no tiene comentarios,,España,"9,0",En familia,Habitación Cuádruple Deluxe,7/01/2022
1362,Sergio,Excepcional,Esta entrada no tiene comentarios,,España,10,En grupo,Habitación Triple,5/01/2022
1363,Paqui,Fantástico,Esta entrada no tiene comentarios,,España,"9,0",En familia,Habitación Cuádruple Estándar,4/01/2022
1364,Anabel,Fantástico,Esta entrada no tiene comentarios,,España,"9,0",En pareja,Habitación Doble - 1 o 2 camas,3/01/2022
1365,David,Fantástico,Esta entrada no tiene comentarios,,España,"9,0",En pareja,Habitación Doble - 1 o 2 camas,30/12/2021
1366,Miguel,Fantástico,Esta entrada no tiene comentarios,,España,"9,0",En familia,Habitación Cuádruple Deluxe,30/12/2021
1367,Satrianix,Muy bien,Esta entrada no tiene comentarios,,España,"8,0",En pareja,Habitación Doble - 1 o 2 camas,29/12/2021
1368,Alba,Fantástico,Esta entrada no tiene comentarios,,España,"9,0",En pareja,Habitación Doble - 1 o 2 camas,28/12/2021
1369,Carmen,Muy bien,Esta entrada no tiene comentarios,,España,"8,0",En pareja,Habitación Doble - 1 o 2 camas,26/12/2021
1370,Noelia,Excepcional,Esta entrada no tiene comentarios,,España,10,En pareja,Habitación Doble Deluxe,25/12/2021
1371,Laura,Fantástico,Esta entrada no tiene comentarios,,España,"9,0",En familia,Habitación Doble - 1 o 2 camas,25/12/2021
1372,Néstor,Excepcional,Esta entrada no tiene comentarios,,España,10,En grupo,Habitación Cuádruple Estándar,20/12/2021
1373,Fran,Fantástico,Esta entrada no tiene comentarios,,España,"9,0",En familia,Habitación Cuádruple Deluxe,19/12/2021
1374,Kevin,Excepcional,Esta entrada no tiene comentarios,,España,10,En pareja,Habitación Doble Deluxe,18/12/2021
1375,Silvia,Muy bien,Esta entrada no tiene comentarios,,España,"8,0",En familia,Habitación Triple,16/12/2021
1376,Katherin,Fantástico,Esta entrada no tiene comentarios,,España,"9,0",En pareja,Habitación Doble - 1 o 2 camas,14/12/2021
1377,Isabel,Fantástico,Esta entrada no tiene comentarios,,España,"9,0",En familia,Habitación Triple,13/12/2021
1378,Daniel,Fantástico,Esta entrada no tiene comentarios,,España,"9,0",En grupo,Habitación Cuádruple Estándar,12/12/2021
1379,Noemi,Muy bien,Esta entrada no tiene comentarios,,España,"8,0",En pareja,Habitación Doble - 1 o 2 camas,11/12/2021
1380,Iván,Fantástico,Esta entrada no tiene comentarios,,España,"9,0",En pareja,Habitación Doble Deluxe,10/12/2021
1381,Isis,Excepcional,Esta entrada no tiene comentarios,,España,10,En pareja,Habitación Doble - 1 o 2 camas,10/12/2021
1382,Estrada,Fantástico,Esta entrada no tiene comentarios,,España,"9,0",En familia,Habitación Triple,10/12/2021
1383,Paola,Fantástico,Esta entrada no tiene comentarios,,España,"9,0",En familia,Habitación Familiar,9/12/2021
1384,Oscar,Excepcional,Esta entrada no tiene comentarios,,España,10,En familia,Habitación Cuádruple Estándar,8/12/2021
1385,Hafid,Muy bien,Esta entrada no tiene comentarios,,España,"8,0",En familia,Habitación Familiar Deluxe,8/12/2021
1386,Javier,Excepcional,Esta entrada no tiene comentarios,,España,10,En pareja,Habitación Cuádruple Deluxe,8/12/2021
1387,Jesus,Fantastica,Esta entrada no tiene comentarios,,España,10,En pareja,Habitación Doble - 1 o 2 camas,7/12/2021
1388,Alejandro,Excepcional,Esta entrada no tiene comentarios,,España,10,En pareja,Habitación Doble - 1 o 2 camas,6/12/2021
1389,David,Muy bien,Esta entrada no tiene comentarios,,España,"8,0",En familia,Habitación Familiar,6/12/2021
1390,Marcel·li,Muy bien,Esta entrada no tiene comentarios,,España,"8,0",En familia,Habitación Triple,30/11/2021
1391,Francisco,Fantástico,Esta entrada no tiene comentarios,,España,"9,0",En familia,Habitación Individual,29/11/2021
1392,Anna,Muy bien,Esta entrada no tiene comentarios,,España,"8,0",En pareja,Habitación Doble Deluxe,29/11/2021
1393,Sofía,Fantástico,Esta entrada no tiene comentarios,,España,"9,0",En pareja,Habitación Doble - 1 o 2 camas,29/11/2021
1394,Jose,Excepcional,Esta entrada no tiene comentarios,,España,10,En familia,Habitación Familiar,29/11/2021
1395,Sandra,Excepcional,Esta entrada no tiene comentarios,,España,10,En familia,Habitación Triple,29/11/2021
1396,Francisco,Excepcional,Esta entrada no tiene comentarios,,España,10,En pareja,Habitación Doble Deluxe,28/11/2021
1397,Julia,Excepcional,Esta entrada no tiene comentarios,,España,10,En pareja,Habitación Doble Deluxe,28/11/2021
1398,Lourdes,Fantástico,Esta entrada no tiene comentarios,,España,"9,0",En familia,Habitación Cuádruple Estándar,28/11/2021
1399,Olga,Muy bien,Esta entrada no tiene comentarios,,España,"8,0",En pareja,Habitación Doble - 1 o 2 camas,27/11/2021
1400,Gerard,Fantástico,Esta entrada no tiene comentarios,,España,"9,0",En pareja,Habitación Doble - 1 o 2 camas,25/11/2021
1401,Teresa,Fantástico,Esta entrada no tiene comentarios,,España,"9,0",En familia,Habitación Cuádruple Estándar,25/11/2021
1402,Maribel,Excepcional,Esta entrada no tiene comentarios,,España,10,En pareja,Habitación Doble Deluxe,25/11/2021
1403,Muñoz,Muy bien,Esta entrada no tiene comentarios,,España,"8,0",En pareja,Habitación Doble - 1 o 2 camas,24/11/2021
1404,Felisa,Muy bien,Esta entrada no tiene comentarios,,España,"8,0",En pareja,Habitación Doble - 1 o 2 camas,23/11/2021
1405,Mari,Fantástico,Esta entrada no tiene comentarios,,España,"9,0",En pareja,Habitación Doble Deluxe,22/11/2021
1406,Laia,Excepcional,Esta entrada no tiene comentarios,,España,10,En pareja,Habitación Doble Deluxe,20/11/2021
1407,Ainara,Excepcional,Esta entrada no tiene comentarios,,España,10,En pareja,Habitación Doble - 1 o 2 camas,20/11/2021
1408,Dani,Muy bien,Esta entrada no tiene comentarios,,España,"8,0",En pareja,Habitación Doble - 1 o 2 camas,20/11/2021
1409,Nassima,Fantástico,Esta entrada no tiene comentarios,,España,"9,0",En pareja,Habitación Doble - 1 o 2 camas,19/11/2021
1410,Eva,Fantástico,Esta entrada no tiene comentarios,,España,"9,0",En pareja,Habitación Doble Deluxe,18/11/2021
1411,Eduardo,Muy bien,Esta entrada no tiene comentarios,,España,"8,0",En pareja,Habitación Doble - 1 o 2 camas,17/11/2021
1412,Sergi,Excepcional,Esta entrada no tiene comentarios,,España,10,En familia,Habitación Triple,16/11/2021
1413,Esteban,Fantástico,Esta entrada no tiene comentarios,,España,"9,0",En grupo,Habitación Cuádruple Deluxe,15/11/2021
1414,Nuria,Fantástico,Esta entrada no tiene comentarios,,España,"9,0",En familia,Habitación Cuádruple Estándar,14/11/2021
1415,Laura,Fantástico,Esta entrada no tiene comentarios,,España,"9,0",En familia,Habitación Cuádruple Estándar,14/11/2021
1416,Estela,Fantástico,Esta entrada no tiene comentarios,,España,"9,0",En pareja,Habitación Doble Deluxe,11/11/2021
1417,Rafael,Excepcional,Esta entrada no tiene comentarios,,España,10,En grupo,Habitación Familiar,8/11/2021
1418,Jessica,Excepcional,Esta entrada no tiene comentarios,,España,10,En familia,Habitación Cuádruple Deluxe,8/11/2021
1419,Gemma,Muy bien,Esta entrada no tiene comentarios,,España,"8,0",En pareja,Habitación Doble Deluxe,8/11/2021
1420,Laura,Excepcional,Esta entrada no tiene comentarios,,España,10,En familia,Habitación Cuádruple Estándar,7/11/2021
1421,Iryna,Fantástico,Esta entrada no tiene comentarios,,España,"9,0",En pareja,Habitación Cuádruple Estándar,7/11/2021
1422,Noelia,Excepcional,Esta entrada no tiene comentarios,,España,10,En familia,Habitación Cuádruple Estándar,6/11/2021
1423,Oliverascarcelero,Excepcional,Esta entrada no tiene comentarios,,España,10,En pareja,Habitación Doble - 1 o 2 camas,3/11/2021
1424,Ariadna,Muy bien,Esta entrada no tiene comentarios,,España,"8,0",En pareja,Habitación Doble - 1 o 2 camas,1/11/2021
1425,Estela,Muy bien,Esta entrada no tiene comentarios,,España,"8,0",En pareja,Habitación Doble - 1 o 2 camas,1/11/2021
1426,Federico,Excepcional,Esta entrada no tiene comentarios,,España,10,En pareja,Habitación Doble - 1 o 2 camas,31/10/2021
1427,Miriam,Excepcional,Esta entrada no tiene comentarios,,España,10,En pareja,Habitación Doble - 1 o 2 camas,30/10/2021
1428,Eva,Muy bien,Esta entrada no tiene comentarios,,España,"8,0",En familia,Habitación Cuádruple Estándar,27/10/2021
1429,Trini,Muy bien,Esta entrada no tiene comentarios,,España,"8,0",En grupo,Habitación Cuádruple Estándar,27/10/2021
1430,Alonso,TODO OK,Esta entrada no tiene comentarios,,España,10,En familia,Habitación Doble - 1 o 2 camas,27/10/2021
1431,Albert,Excepcional,Esta entrada no tiene comentarios,,España,10,En pareja,Habitación Doble - 1 o 2 camas,26/10/2021
1432,Bingtao,Muy bien,Esta entrada no tiene comentarios,,España,"8,0",En familia,Habitación Triple,24/10/2021
1433,Maria,Muy bien,Esta entrada no tiene comentarios,,España,"8,0",En familia,Habitación Cuádruple Estándar,21/10/2021
1434,Francisco,Muy bien,Esta entrada no tiene comentarios,,España,"8,0",En pareja,Habitación Doble - 1 o 2 camas,19/10/2021
1435,Laura,Excepcional,Esta entrada no tiene comentarios,,España,10,En pareja,Habitación Doble Deluxe,19/10/2021
1436,Alvaro,Muy bien,Esta entrada no tiene comentarios,,España,"8,0",En grupo,Habitación Cuádruple Estándar,17/10/2021
1437,Ariadna,Excepcional,Esta entrada no tiene comentarios,,España,10,En pareja,Habitación Doble - 1 o 2 camas,17/10/2021
1438,Hugo,Fantástico,Esta entrada no tiene comentarios,,España,"9,0",En familia,Habitación Cuádruple Estándar,16/10/2021
1439,Pedro,Excepcional,Esta entrada no tiene comentarios,,España,10,En pareja,Habitación Doble - 1 o 2 camas,14/10/2021
1440,Arantza,Muy bien,Esta entrada no tiene comentarios,,España,"8,0",Persona que viaja sola,Habitación Doble - 1 o 2 camas,14/10/2021
1441,Juan,Muy bien,Esta entrada no tiene comentarios,,España,"8,0",En familia,Habitación Cuádruple Estándar,11/10/2021
1442,Judith,Excepcional,Esta entrada no tiene comentarios,,España,10,En pareja,Habitación Doble - 1 o 2 camas,11/10/2021
1443,Maria,Fantástico,Esta entrada no tiene comentarios,,España,"9,0",En familia,Habitación Triple,11/10/2021
1444,Miriam,Excepcional,Esta entrada no tiene comentarios,,España,10,En pareja,Habitación Doble Deluxe,10/10/2021
1445,Salvador,Muy bien,Esta entrada no tiene comentarios,,España,"8,0",En familia,Habitación Doble Deluxe,9/10/2021
1446,Inmaculada,Muy bien,Esta entrada no tiene comentarios,,España,"8,0",En familia,Habitación Familiar Deluxe,4/10/2021
1447,Eva,Excepcional,Esta entrada no tiene comentarios,,España,10,En pareja,Habitación Doble - 1 o 2 camas,3/10/2021
1448,Carlos,Fantástico,Esta entrada no tiene comentarios,,España,"9,0",En pareja,Habitación Doble - 1 o 2 camas,1/10/2021
1449,María,Fantástico,Esta entrada no tiene comentarios,,España,"9,0",En pareja,Habitación Doble - 1 o 2 camas,1/10/2021
1450,Anónimo,Muy bien,Esta entrada no tiene comentarios,,España,"8,0",En familia,Habitación Doble - 1 o 2 camas,27/09/2021
1451,Victor,Excepcional,Esta entrada no tiene comentarios,,España,10,En pareja,Habitación Doble Deluxe,27/09/2021
1452,Francisco,Muy bien,Esta entrada no tiene comentarios,,España,"8,0",En pareja,Habitación Doble - 1 o 2 camas,21/09/2021
1453,Xavier,Excepcional,Esta entrada no tiene comentarios,,España,10,En familia,Habitación Doble - 1 o 2 camas,20/09/2021
1454,Rosa,Excepcional,Esta entrada no tiene comentarios,,España,10,En familia,Habitación Doble - 1 o 2 camas,16/09/2021
1455,Laura,Muy bien,Esta entrada no tiene comentarios,,España,"8,0",En familia,Habitación Cuádruple Deluxe,16/09/2021
1456,Dragomir,Excepcional,Esta entrada no tiene comentarios,,España,10,En pareja,Habitación Doble - 1 o 2 camas,12/09/2021
1457,Pedro,Excepcional,Esta entrada no tiene comentarios,,España,10,En pareja,Habitación Doble - 1 o 2 camas,10/09/2021
1458,Marta,Fantástico,Esta entrada no tiene comentarios,,España,"9,0",En pareja,Habitación Doble - 1 o 2 camas,9/09/2021
1459,Teixeira,Excepcional,Esta entrada no tiene comentarios,,Andorra,10,En pareja,Habitación Doble - 1 o 2 camas,7/09/2021
1460,Montse,Muy bien,Esta entrada no tiene comentarios,,España,"8,0",En familia,Habitación Familiar,6/09/2021
1461,Angel,Fantástico,Esta entrada no tiene comentarios,,España,"9,0",En familia,Habitación Doble - 1 o 2 camas,3/09/2021
1462,Ana,Fantástico,Esta entrada no tiene comentarios,,España,"9,0",En familia,Habitación Triple,3/09/2021
1463,Monica,Excepcional,Esta entrada no tiene comentarios,,España,10,En familia,Habitación Cuádruple Estándar,2/09/2021
1464,Albert,Fantástico,Esta entrada no tiene comentarios,,España,"9,0",En familia,Habitación Familiar,1/09/2021
1465,Laura,Excepcional,Esta entrada no tiene comentarios,,España,10,En pareja,Habitación Doble - 1 o 2 camas,29/08/2021
1466,Jordi,Fantástico,Esta entrada no tiene comentarios,,España,"9,0",En familia,Habitación Doble Deluxe,24/08/2021
1467,Sergio,Fantástico,Esta entrada no tiene comentarios,,España,"9,0",En familia,Habitación Cuádruple Deluxe,23/08/2021
1468,Jolualri,Fantástico,Esta entrada no tiene comentarios,,España,"9,0",En pareja,Habitación Doble - 1 o 2 camas,22/08/2021
1469,Valentina,Fantástico,Esta entrada no tiene comentarios,,España,"9,0",En familia,Habitación Cuádruple Estándar,22/08/2021
1470,Inma,Muy bien,Esta entrada no tiene comentarios,,España,"8,0",En familia,Habitación Cuádruple Estándar,22/08/2021
1471,Andreia,Muy bien,Esta entrada no tiene comentarios,,España,"8,0",En pareja,Habitación Doble - 1 o 2 camas,20/08/2021
1472,Oriol,Fantástico,Esta entrada no tiene comentarios,,España,"9,0",En familia,Habitación Doble - 1 o 2 camas,18/08/2021
1473,Marta,Fantástico,Esta entrada no tiene comentarios,,España,"9,0",En familia,Habitación Cuádruple Deluxe,18/08/2021
1474,Hind,Muy bien,Esta entrada no tiene comentarios,,España,"8,0",En pareja,Habitación Doble - 1 o 2 camas,18/08/2021
1475,Fatima,Excepcional,Esta entrada no tiene comentarios,,España,10,En pareja,Habitación Cuádruple Estándar,17/08/2021
1476,Plamen,Excepcional,Esta entrada no tiene comentarios,,España,10,Persona que viaja sola,Habitación Doble Deluxe,15/08/2021
1477,Sonia,Muy bien,Esta entrada no tiene comentarios,,España,"8,0",En familia,Habitación Triple,13/08/2021
1478,Samuel,Muy bien,Esta entrada no tiene comentarios,,España,"8,0",En familia,Habitación Doble - 1 o 2 camas,9/08/2021
1479,Raul,Muy bien,Esta entrada no tiene comentarios,,España,"8,0",En familia,Habitación Cuádruple Estándar,9/08/2021
1480,Marian,Fantástico,Esta entrada no tiene comentarios,,España,"9,0",En familia,Habitación Cuádruple Estándar,9/08/2021
1481,David,Fantástico,Esta entrada no tiene comentarios,,España,"9,0",En familia,Habitación Cuádruple Deluxe,8/08/2021
1482,Neus,Excepcional,Esta entrada no tiene comentarios,,España,10,En grupo,Habitación Triple,8/08/2021
1483,Laura,Fantástico,Esta entrada no tiene comentarios,,España,"9,0",En familia,Habitación Cuádruple Estándar,7/08/2021
1484,Pesudo,Muy bien,Esta entrada no tiene comentarios,,España,"8,0",En familia,Habitación Cuádruple Estándar,5/08/2021
1485,Miguel,Excepcional,Esta entrada no tiene comentarios,,España,10,En familia,Habitación Cuádruple Estándar,4/08/2021
1486,Mari,Muy bien,Esta entrada no tiene comentarios,,España,"8,0",En pareja,Habitación Doble - 1 o 2 camas,2/08/2021
1487,Maria,Excepcional,Esta entrada no tiene comentarios,,España,10,En familia,Habitación Cuádruple Estándar,1/08/2021
1488,Urriellu,Muy bien,Esta entrada no tiene comentarios,,España,"8,0",En pareja,Habitación Doble - 1 o 2 camas,1/08/2021
1489,Emilio,Fantástico,Esta entrada no tiene comentarios,,España,"9,0",En familia,Habitación Doble - 1 o 2 camas,28/07/2021
1490,Fernando,Fantástico,Esta entrada no tiene comentarios,,España,"9,0",En familia,Habitación Individual,16/07/2021
1491,Fernando,Fantástico,Esta entrada no tiene comentarios,,España,"9,0",En familia,Habitación Familiar,12/07/2021
1492,Marta,Muy bien,Esta entrada no tiene comentarios,,España,"8,0",En pareja,Habitación Doble - 1 o 2 camas,11/07/2021
1493,I,Fantástico,Esta entrada no tiene comentarios,,España,"9,0",En grupo,Habitación Familiar,5/07/2021
1494,Alejandro,buen tiempo y lugar bonito,Esta entrada no tiene comentarios,,España,"8,0",En familia,Habitación Cuádruple Estándar,4/07/2021
1495,Pedro,Muy bien,Esta entrada no tiene comentarios,,España,"8,0",En pareja,Habitación Doble - 1 o 2 camas,28/06/2021
1496,Joan,Hotel práctico y bien de precio,Esta entrada no tiene comentarios,,España,"8,0",En familia,Habitación Triple,24/06/2021
1497,Maribel,Excepcional,Esta entrada no tiene comentarios,,España,10,En familia,Habitación Doble - 1 o 2 camas,16/06/2021
1498,Andrea,Fantástico,Esta entrada no tiene comentarios,,España,"9,0",En pareja,Habitación Doble - 1 o 2 camas,1/06/2021
1499,Laura,Excepcional,Esta entrada no tiene comentarios,,España,10,En familia,Habitación Doble - 1 o 2 camas,30/05/2021
1500,Melani,Muy bien,Esta entrada no tiene comentarios,,España,"8,0",En familia,Habitación Cuádruple Estándar,21/05/2021
1501,Ruben,Fantástico,Esta entrada no tiene comentarios,,Andorra,"9,0",En familia,Habitación Doble - 1 o 2 camas,19/05/2021
1502,Cristina,Excepcional,Esta entrada no tiene comentarios,,España,10,En pareja,Habitación Doble - 1 o 2 camas,19/05/2021
1503,Sara,Excepcional,Esta entrada no tiene comentarios,,España,10,En pareja,Habitación Doble - 1 o 2 camas,16/05/2021
1504,Joan,Muy bien,Esta entrada no tiene comentarios,,España,"8,0",En pareja,Habitación Doble - 1 o 2 camas,10/05/2021
1505,Antoni,Fantástico,Esta entrada no tiene comentarios,,España,"9,0",En familia,Habitación Doble - 1 o 2 camas,9/05/2021
1506,Paula,Excepcional,Esta entrada no tiene comentarios,,España,10,En pareja,Habitación Doble - 1 o 2 camas,9/05/2021
1507,Luis,Muy bien,Esta entrada no tiene comentarios,,España,"8,0",En familia,Habitación Doble - 1 o 2 camas,8/05/2021
1508,Mariana,Muy bien,Esta entrada no tiene comentarios,,España,"8,0",En familia,Habitación Familiar,8/05/2021
1509,Artur,Muy bien,Esta entrada no tiene comentarios,,España,"8,0",En pareja,Habitación Doble - 1 o 2 camas,6/05/2021
1510,Alejandro,Excepcional,Esta entrada no tiene comentarios,,España,10,En grupo,Habitación Doble - 1 o 2 camas,5/05/2021
1511,Fernando,Fantástico,Esta entrada no tiene comentarios,,España,"9,0",En familia,Habitación Cuádruple Estándar,20/04/2021
1512,Pedro,Fantástico,Esta entrada no tiene comentarios,,España,"9,0",En familia,Habitación Cuádruple Estándar,19/04/2021
1513,Vicente,Excepcional,Esta entrada no tiene comentarios,,España,10,En familia,Habitación Doble - 1 o 2 camas,16/04/2021
1514,Judit,Excepcional,Esta entrada no tiene comentarios,,España,10,En pareja,Habitación Doble - 1 o 2 camas,15/04/2021
1515,Luis,Fantástico,Esta entrada no tiene comentarios,,España,"9,0",En familia,Habitación Triple,13/04/2021
1516,Anpb,Muy bien,Esta entrada no tiene comentarios,,España,"8,0",En familia,Habitación Triple,5/04/2021
1517,Jose,Fantástico,Esta entrada no tiene comentarios,,España,"9,0",En familia,Habitación Doble - 1 o 2 camas,1/04/2021
1518,David,Fantástico,Esta entrada no tiene comentarios,,España,"9,0",En pareja,Habitación Doble - 1 o 2 camas,26/03/2021
1519,Eduardo,Excepcional,Esta entrada no tiene comentarios,,España,10,Persona que viaja sola,Habitación Doble - 1 o 2 camas,24/03/2021
1520,Raya,Excepcional,Esta entrada no tiene comentarios,,España,10,Persona que viaja sola,Habitación Doble - 1 o 2 camas,23/03/2021
1521,Sergio,Muy bien,Esta entrada no tiene comentarios,,España,"8,0",Persona que viaja sola,Habitación Doble - 1 o 2 camas,19/03/2021
1522,Nadia,Ideal,Esta entrada no tiene comentarios,,Venezuela,"9,0",Persona que viaja sola,Habitación Doble - 1 o 2 camas,17/03/2021
1523,Alejandro,Excepcional,Esta entrada no tiene comentarios,,España,10,En familia,Habitación Familiar,6/03/2021
1524,Jordi,Fantástico,Esta entrada no tiene comentarios,,España,"9,0",Persona que viaja sola,Habitación Doble - 1 o 2 camas,19/02/2021
1525,Raul,Perfecta,Esta entrada no tiene comentarios,,España,10,En familia,Habitación Triple,6/02/2021
1526,Liliana,Muy bien,Esta entrada no tiene comentarios,,España,"8,0",En familia,Habitación Familiar,4/02/2021
1527,Javier,Fantástico,Esta entrada no tiene comentarios,,España,"9,0",En pareja,Habitación Doble - 1 o 2 camas,1/02/2021
1528,Sergio,Fantástico,Esta entrada no tiene comentarios,,España,"9,0",En familia,Habitación Triple,19/01/2021
1529,Trini,Muy bien,Esta entrada no tiene comentarios,,Reino Unido,"8,0",En pareja,Habitación Doble - 1 o 2 camas,12/01/2021
1530,Anna,Fantástico,Esta entrada no tiene comentarios,,España,"9,0",En pareja,Habitación Doble - 1 o 2 camas,12/01/2021
1531,Eduardo,Fantástico,Esta entrada no tiene comentarios,,España,"9,0",En pareja,Habitación Doble - 1 o 2 camas,9/01/2021
1532,Eloi,Muy bien,Esta entrada no tiene comentarios,,España,"8,0",Persona que viaja sola,Habitación Individual,8/01/2021
1533,Moriña,Excepcional,Esta entrada no tiene comentarios,,España,10,En pareja,Habitación Doble - 1 o 2 camas,7/01/2021
1534,Jose,Fantástico,Esta entrada no tiene comentarios,,España,"9,0",En familia,Habitación Doble - 1 o 2 camas,7/01/2021
1535,Daniel,Fantástico,Esta entrada no tiene comentarios,,España,"9,0",En familia,Habitación Familiar,6/01/2021
1536,Anna,Muy bien,Esta entrada no tiene comentarios,,España,"8,0",En familia,Habitación Triple,6/01/2021
1537,Gabriel,Excepcional,Esta entrada no tiene comentarios,,España,10,En pareja,Habitación Doble - 1 o 2 camas,4/01/2021
1538,Pilar,Muy bien,Esta entrada no tiene comentarios,,España,"8,0",En familia,Habitación Triple (2 adultos + 1 niño),3/01/2021
1539,Sara,Muy bien,Esta entrada no tiene comentarios,,España,"8,0",En familia,Habitación Doble - 1 o 2 camas,3/01/2021
1540,Alexandra,Excepcional,Esta entrada no tiene comentarios,,España,10,En pareja,Habitación Doble - 1 o 2 camas,2/01/2021
1541,Samia,Fantástica ubicación y personal un 10.,Esta entrada no tiene comentarios,,España,"8,0",En grupo,Habitación Cuádruple Estándar,27/12/2020
1542,Jose,Muy bien,Esta entrada no tiene comentarios,,España,"8,0",En familia,Habitación Triple,24/12/2020
1543,Jaime,Excepcional,Esta entrada no tiene comentarios,,España,10,En pareja,Habitación Doble - 1 o 2 camas,24/12/2020
1544,Robinho,Muy bien,Esta entrada no tiene comentarios,,España,"8,0",En pareja,Habitación Triple,10/12/2020
1545,Carme,Fantástico,Esta entrada no tiene comentarios,,España,"9,0",En familia,Habitación Doble - 1 o 2 camas,8/12/2020
1546,Alberto,Fantástico,Esta entrada no tiene comentarios,,España,"9,0",En pareja,Habitación Doble - 1 o 2 camas,7/12/2020
1547,Jose,Muy bien,Esta entrada no tiene comentarios,,España,"8,0",Persona que viaja sola,Habitación Doble - 1 o 2 camas,1/12/2020
1548,Manel,Excepcional,Esta entrada no tiene comentarios,,España,10,Persona que viaja sola,Habitación Doble - 1 o 2 camas,26/11/2020
1549,Beatriz,Excepcional,Esta entrada no tiene comentarios,,España,10,En pareja,Habitación Doble - 1 o 2 camas,22/11/2020
1550,Ana,Fantástico,Esta entrada no tiene comentarios,,España,"9,0",En pareja,Habitación Doble - 1 o 2 camas,19/11/2020
1551,Soraya,Fantástico,Esta entrada no tiene comentarios,,España,"9,0",En pareja,Habitación Doble - 1 o 2 camas,18/11/2020
1552,Juan,EXCELENTE CALIDAD / PRECIO,Esta entrada no tiene comentarios,,España,"9,0",En grupo,Habitación Doble - 1 o 2 camas,5/11/2020
1553,Sergio,Fantástico,Esta entrada no tiene comentarios,,España,"9,0",En familia,Habitación Triple,4/11/2020
1554,Ruben,Muy bien,Esta entrada no tiene comentarios,,España,"8,0",En pareja,Habitación Doble - 1 o 2 camas,2/11/2020
1555,Elisabet,Muy bien,Esta entrada no tiene comentarios,,España,"8,0",En familia,Habitación Familiar,30/10/2020
1556,Miriam,Excepcional,Esta entrada no tiene comentarios,,España,10,En grupo,Habitación Doble - 1 o 2 camas,30/10/2020
1557,Juan,Muy bien,Esta entrada no tiene comentarios,,España,"8,0",En pareja,Habitación Doble - 1 o 2 camas,28/10/2020
1558,Raul,Fantástico,Esta entrada no tiene comentarios,,España,"9,0",En pareja,Habitación Doble - 1 o 2 camas,20/10/2020
1559,Sergi,Fantástico,Esta entrada no tiene comentarios,,España,"9,0",Persona que viaja sola,Habitación Doble - 1 o 2 camas,19/10/2020
1560,Cristina,Muy bien,Esta entrada no tiene comentarios,,España,"8,0",En familia,Habitación Familiar,18/10/2020
1561,Antonio,Muy bien,Esta entrada no tiene comentarios,,España,"8,0",En pareja,Habitación Doble - 1 o 2 camas,10/10/2020
1562,Alba,Excepcional,Esta entrada no tiene comentarios,,Francia,10,En pareja,Habitación Doble - 1 o 2 camas,9/10/2020
1563,Pepete,Excepcional,Esta entrada no tiene comentarios,,España,10,En pareja,Habitación Doble - 1 o 2 camas,28/09/2020
1564,Manel,Perfecto,Esta entrada no tiene comentarios,,España,"9,0",En pareja,Habitación Doble - 1 o 2 camas,24/09/2020
1565,Fina,Muy bien,Esta entrada no tiene comentarios,,España,"8,0",En grupo,Habitación Doble - 1 o 2 camas,19/09/2020
1566,Belén,Muy bien,Esta entrada no tiene comentarios,,España,"8,0",En pareja,Habitación Doble - 1 o 2 camas,16/09/2020
1567,Jaime,Muy bien,Esta entrada no tiene comentarios,,España,"8,0",En pareja,Habitación Doble - 1 o 2 camas,15/09/2020
1568,Raquel,Excepcional,Esta entrada no tiene comentarios,,España,10,En pareja,Habitación Doble - 1 o 2 camas,15/09/2020
1569,M,Perfecta,Esta entrada no tiene comentarios,,España,10,En grupo,Habitación Doble - 1 o 2 camas,13/09/2020
1570,Clotilde,Fantástico,Esta entrada no tiene comentarios,,España,"9,0",En familia,Habitación Cuádruple Estándar,13/09/2020
1571,Jose,Muy bien,Esta entrada no tiene comentarios,,España,"8,0",En familia,Habitación Familiar,9/09/2020
1572,D,Muy bien,Esta entrada no tiene comentarios,,España,"8,0",En familia,Habitación Familiar,7/09/2020
1573,Marta,Excepcional,Esta entrada no tiene comentarios,,España,10,En familia,Habitación Doble - 1 o 2 camas,7/09/2020
1574,Laura,Excepcional,Esta entrada no tiene comentarios,,España,10,En pareja,Habitación Doble - 1 o 2 camas,6/09/2020
1575,Jose,Excepcional,Esta entrada no tiene comentarios,,España,10,En familia,Habitación Familiar,4/09/2020
1576,Julio,Muy bien,Esta entrada no tiene comentarios,,España,"8,0",Persona que viaja sola,Habitación Individual,1/09/2020
1577,S,Fantástico,Esta entrada no tiene comentarios,,España,"9,0",En familia,Habitación Cuádruple Estándar,31/08/2020
1578,Marc,Fantástico,Esta entrada no tiene comentarios,,España,"9,0",En familia,Habitación Cuádruple Estándar,28/08/2020
1579,Cristina,Excepcional,Esta entrada no tiene comentarios,,España,10,En familia,Habitación Cuádruple Estándar,27/08/2020
1580,Natalia,Muy bien,Esta entrada no tiene comentarios,,España,"8,0",En familia,Habitación Triple,25/08/2020
1581,Monica,Muy bien,Esta entrada no tiene comentarios,,España,"8,0",En familia,Habitación Cuádruple Estándar,24/08/2020
1582,Jessica,Fantástico,Esta entrada no tiene comentarios,,España,"9,0",En familia,Habitación Triple,21/08/2020
1583,Xavier,Muy bien,Esta entrada no tiene comentarios,,España,"8,0",En familia,Habitación Triple,21/08/2020
1584,Sonia,Excepcional,Esta entrada no tiene comentarios,,España,10,En pareja,Habitación Doble - 1 o 2 camas,21/08/2020
1585,Maria,En general todo muy bien. Buena ubicación.,Esta entrada no tiene comentarios,,España,10,En familia,Habitación Cuádruple Estándar,21/08/2020
1586,Cinta,Muy bien,Esta entrada no tiene comentarios,,España,"8,0",En familia,Habitación Cuádruple Estándar,20/08/2020
1587,Vernis,Excepcional,Esta entrada no tiene comentarios,,España,10,En familia,Habitación Cuádruple Estándar,19/08/2020
1588,Ricardo,Muy bien,Esta entrada no tiene comentarios,,España,"8,0",En pareja,Habitación Doble - 1 o 2 camas,18/08/2020
1589,Bleiky,Muy bien,Esta entrada no tiene comentarios,,España,"8,0",En familia,Habitación Doble - 1 o 2 camas,18/08/2020
1590,Francisco,Fantástico,Esta entrada no tiene comentarios,,España,"9,0",En familia,Habitación Cuádruple Estándar,15/08/2020
1591,Rosa,Excepcional,Esta entrada no tiene comentarios,,España,10,En familia,Habitación Doble - 1 o 2 camas,14/08/2020
1592,Josep,Muy bien,Esta entrada no tiene comentarios,,España,"8,0",En familia,Habitación Cuádruple Estándar,12/08/2020
1593,Carla,Fantástico,Esta entrada no tiene comentarios,,España,"9,0",En pareja,Habitación Doble - 1 o 2 camas,10/08/2020
1594,Jordi,Fantástico,Esta entrada no tiene comentarios,,España,"9,0",En familia,Habitación Cuádruple Estándar,10/08/2020
1595,Paloma,Muy bien,Esta entrada no tiene comentarios,,España,"8,0",En familia,Habitación Cuádruple Estándar,9/08/2020
1596,Susana,Muy bien,Esta entrada no tiene comentarios,,España,"8,0",En familia,Habitación Cuádruple Estándar,9/08/2020
1597,Ivo,Muy bien,Esta entrada no tiene comentarios,,España,"8,0",En familia,Habitación Familiar,8/08/2020
1598,Jackxtreme,Excepcional,Esta entrada no tiene comentarios,,España,10,Persona que viaja sola,Habitación Cuádruple Estándar,8/08/2020
1599,Anna,Fantástico,Esta entrada no tiene comentarios,,España,"9,0",En familia,Habitación Cuádruple Estándar,8/08/2020
1600,Gemma,Fantástico,Esta entrada no tiene comentarios,,España,"9,0",En familia,Habitación Familiar,7/08/2020
1601,Rocío,Fantástico,Esta entrada no tiene comentarios,,España,"9,0",En pareja,Habitación Doble - 1 o 2 camas,7/08/2020
1602,Esther,Fantástico,Esta entrada no tiene comentarios,,España,"9,0",En familia,Habitación Triple,6/08/2020
1603,David,Muy bien,Esta entrada no tiene comentarios,,España,"8,3",En familia,Habitación Cuádruple Estándar,6/08/2020
1604,Agnes,Excepcional,Esta entrada no tiene comentarios,,España,10,En familia,Habitación Familiar,5/08/2020
1605,Jose,Muy bien,Esta entrada no tiene comentarios,,España,"8,0",En pareja,Habitación Doble - 1 o 2 camas,4/08/2020
1606,Angie,Excepcional,Esta entrada no tiene comentarios,,España,10,En familia,Habitación Cuádruple Estándar,2/08/2020
1607,J,Muy bien,Esta entrada no tiene comentarios,,España,"8,0",En familia,Habitación Cuádruple Estándar,26/07/2020
1608,Juan,Excepcional,Esta entrada no tiene comentarios,,España,10,Persona que viaja sola,Habitación Doble - 1 o 2 camas,20/07/2020
1609,Modrón,Fantástico,Esta entrada no tiene comentarios,,España,"9,0",En familia,Habitación Cuádruple Estándar,9/07/2020
1610,Gemma,Excepcional,Esta entrada no tiene comentarios,,España,10,En familia,Habitación Familiar,9/07/2020
1611,Carlos,Parking muy incómodo para vehículos grandes,Esta entrada no tiene comentarios,,España,"9,0",En familia,Habitación Familiar,6/07/2020
1612,Juan,Muy bien,Esta entrada no tiene comentarios,,España,"8,0",En pareja,Habitación Doble - 1 o 2 camas,6/07/2020
1613,Msanmar,Bien,Esta entrada no tiene comentarios,,España,"7,0",En pareja,Habitación Doble - 1 o 2 camas,9/05/2023
1614,Noelia,Bien,Esta entrada no tiene comentarios,,España,"7,0",En familia,Habitación Cuádruple Estándar,6/05/2023
1615,Maria,Bien,Esta entrada no tiene comentarios,,España,"7,0",En familia,Habitación Triple,20/03/2023
1616,Jordi,Bien,Esta entrada no tiene comentarios,,España,"7,0",En familia,Habitación Cuádruple Estándar,2/03/2023
1617,Mayte,Bien,Esta entrada no tiene comentarios,,España,"7,0",En familia,Habitación Cuádruple Deluxe,13/02/2023
1618,Cristian,Bien,Esta entrada no tiene comentarios,,España,"7,0",En familia,Habitación Cuádruple Estándar,12/02/2023
1619,Ángel,Pésimo,Esta entrada no tiene comentarios,,España,"1,0",En pareja,Habitación Doble - 1 o 2 camas,20/01/2023
1620,Stephan,Pésimo,Esta entrada no tiene comentarios,,Brasil,"1,0",En pareja,Habitación Doble - 1 o 2 camas,7/01/2023
1621,Xavier,Bien,Esta entrada no tiene comentarios,,España,"7,0",En familia,Habitación Triple,10/12/2022
1622,Maria,Bien,Esta entrada no tiene comentarios,,España,"7,0",En familia,Habitación Familiar Deluxe,9/12/2022
1623,Esther,Bien,Esta entrada no tiene comentarios,,España,"7,0",En familia,Habitación Cuádruple Estándar,4/12/2022
1624,Robert,Bien,Esta entrada no tiene comentarios,,España,"7,0",En familia,Habitación Triple,28/11/2022
1625,Antonio,Bien,Esta entrada no tiene comentarios,,España,"7,0",En grupo,Habitación Familiar,7/11/2022
1626,Wilson,Bien,Esta entrada no tiene comentarios,,España,"7,0",En grupo,Habitación Cuádruple Deluxe,6/11/2022
1627,Sergi,Bien,Esta entrada no tiene comentarios,,España,"7,0",En familia,Habitación Triple,24/10/2022
1628,Paola,Bien,Esta entrada no tiene comentarios,,España,"7,0",En grupo,Habitación Cuádruple Estándar,23/10/2022
1629,Jaime,Bien,Esta entrada no tiene comentarios,,España,"7,0",En pareja,Habitación Doble Deluxe,21/10/2022
1630,Marta,Bien,Esta entrada no tiene comentarios,,España,"7,0",En pareja,Habitación Doble - 1 o 2 camas,13/10/2022
1631,Eduardo,Aceptable,Esta entrada no tiene comentarios,,España,"5,0",Persona que viaja sola,Habitación Individual,19/09/2022
1632,Alfonso,Bien,Esta entrada no tiene comentarios,,España,"7,0",En familia,Habitación Cuádruple Deluxe,12/09/2022
1633,Alicia,Bien,Esta entrada no tiene comentarios,,España,"7,0",En grupo,Habitación Cuádruple Estándar,12/09/2022
1634,Fernando,Bien,Esta entrada no tiene comentarios,,España,"7,0",En pareja,Habitación Doble - 1 o 2 camas,6/09/2022
1635,Gemma,Agradable,Esta entrada no tiene comentarios,,España,"6,0",En grupo,Habitación Cuádruple Estándar,22/08/2022
1636,Marta,Agradable,Esta entrada no tiene comentarios,,España,"6,0",En familia,Habitación Triple,21/08/2022
1637,Juan,Bien,Esta entrada no tiene comentarios,,España,"7,0",En pareja,Habitación Triple,8/08/2022
1638,Josep,Bien,Esta entrada no tiene comentarios,,España,"7,0",En pareja,Habitación Cuádruple Deluxe,4/07/2022
1639,Ana,Bien,Esta entrada no tiene comentarios,,España,"7,0",En familia,Habitación Cuádruple Estándar,27/06/2022
1640,Óscar,Bien,Esta entrada no tiene comentarios,,España,"7,0",En familia,Habitación Familiar,13/06/2022
1641,Pasquale,Bien,Esta entrada no tiene comentarios,,España,"7,0",En pareja,Habitación Doble - 1 o 2 camas,10/06/2022
1642,Jara,Agradable,Esta entrada no tiene comentarios,,España,"6,0",En pareja,Habitación Doble - 1 o 2 camas,29/05/2022
1643,Jose,Agradable,Esta entrada no tiene comentarios,,España,"6,0",Persona que viaja sola,Habitación Doble - 1 o 2 camas,24/05/2022
1644,Manes117,Bien,Esta entrada no tiene comentarios,,España,"7,0",En pareja,Habitación Doble - 1 o 2 camas,16/05/2022
1645,Silvia,Agradable,Esta entrada no tiene comentarios,,España,"6,0",En pareja,Habitación Doble - 1 o 2 camas,9/05/2022
1646,García,Agradable,Esta entrada no tiene comentarios,,España,"6,0",En pareja,Habitación Doble - 1 o 2 camas,19/04/2022
1647,Aguirre,Agradable,Esta entrada no tiene comentarios,,España,"6,0",En pareja,Habitación Doble - 1 o 2 camas,15/04/2022
1648,Luciana,Pésimo,Esta entrada no tiene comentarios,,España,"1,0",En grupo,Habitación Cuádruple Estándar,11/04/2022
1649,Ignacio,Agradable,Esta entrada no tiene comentarios,,España,"6,0",En pareja,Habitación Doble - 1 o 2 camas,3/04/2022
1650,Joan,Bien,Esta entrada no tiene comentarios,,España,"7,0",En familia,Habitación Cuádruple Estándar,26/03/2022
1651,Norman,Decepcionante,Esta entrada no tiene comentarios,,España,"4,0",En familia,Habitación Cuádruple Estándar,23/02/2022
1652,Toni,Bien,Esta entrada no tiene comentarios,,España,"7,0",En pareja,Habitación Doble - 1 o 2 camas,14/02/2022
1653,Rebeca,Decepcionante,Esta entrada no tiene comentarios,,España,"4,0",En pareja,Habitación Familiar,31/01/2022
1654,Thami,Mal,Esta entrada no tiene comentarios,,España,"3,0",En familia,Habitación Familiar,26/01/2022
1655,Eva,Bien,Esta entrada no tiene comentarios,,España,"7,0",En pareja,Habitación Doble - 1 o 2 camas,23/01/2022
1656,Borrell,Bien,Esta entrada no tiene comentarios,,España,"7,0",En pareja,Habitación Doble Deluxe,23/01/2022
1657,Victor,Bien,Esta entrada no tiene comentarios,,España,"7,0",En pareja,Habitación Doble - 1 o 2 camas,21/01/2022
1658,Luis,Bien,Esta entrada no tiene comentarios,,España,"7,0",En pareja,Habitación Doble Deluxe,15/01/2022
1659,Nil,Aceptable,Esta entrada no tiene comentarios,,España,"5,0",En pareja,Habitación Doble - 1 o 2 camas,10/01/2022
1660,Jorge,Agradable,Esta entrada no tiene comentarios,,España,"6,0",En pareja,Habitación Doble - 1 o 2 camas,9/01/2022
1661,Esther,Bien,Esta entrada no tiene comentarios,,España,"7,0",En familia,Habitación Familiar,5/01/2022
1662,Angel,Bien,Esta entrada no tiene comentarios,,España,"7,0",En familia,Habitación Triple,5/01/2022
1663,Francisco,Aceptable,Esta entrada no tiene comentarios,,España,"5,0",En familia,Habitación Cuádruple Estándar,1/01/2022
1664,Laura,Bien,Esta entrada no tiene comentarios,,España,"7,0",En familia,Habitación Familiar Deluxe,13/12/2021
1665,Brian,Bien,Esta entrada no tiene comentarios,,España,"7,0",En pareja,Habitación Doble - 1 o 2 camas,11/12/2021
1666,Elisabeth,"agradable, y comoda.",Esta entrada no tiene comentarios,,España,"7,0",En familia,Habitación Doble - 1 o 2 camas,10/12/2021
1667,Carles,Bien,Esta entrada no tiene comentarios,,España,"7,0",En grupo,Habitación Doble - 1 o 2 camas,8/12/2021
1668,David,Bien,Esta entrada no tiene comentarios,,España,"7,0",En pareja,Habitación Doble - 1 o 2 camas,24/11/2021
1669,Carla,Bien,Esta entrada no tiene comentarios,,España,"7,0",En pareja,Habitación Doble - 1 o 2 camas,21/11/2021
1670,Alexandra,Bien,Esta entrada no tiene comentarios,,España,"7,0",En pareja,Habitación Doble - 1 o 2 camas,14/11/2021
1671,Mariana,Bien,Esta entrada no tiene comentarios,,Perú,"7,0",En pareja,Habitación Doble - 1 o 2 camas,25/10/2021
1672,Glòria,Bien,Esta entrada no tiene comentarios,,España,"7,0",En pareja,Habitación Doble - 1 o 2 camas,25/10/2021
1673,Marta,Bien,Esta entrada no tiene comentarios,,España,"7,0",En grupo,Habitación Doble - 1 o 2 camas,18/10/2021
1674,Miguel,Bien,Esta entrada no tiene comentarios,,España,"7,0",En familia,Habitación Familiar,8/10/2021
1675,August,Agradable,Esta entrada no tiene comentarios,,España,"6,0",En pareja,Habitación Doble - 1 o 2 camas,3/10/2021
1676,Javier,Bien,Esta entrada no tiene comentarios,,España,"7,0",En pareja,Habitación Doble - 1 o 2 camas,21/09/2021
1677,Jose,Bien,Esta entrada no tiene comentarios,,España,"7,0",En familia,Habitación Cuádruple Estándar,13/09/2021
1678,Desireé,Bien,Esta entrada no tiene comentarios,,España,"7,0",En pareja,Habitación Doble - 1 o 2 camas,31/08/2021
1679,Pilar,Bien,Esta entrada no tiene comentarios,,España,"7,0",En grupo,Habitación Triple,20/08/2021
1680,Carmen,Bien,Esta entrada no tiene comentarios,,España,"7,0",En familia,Habitación Triple,19/08/2021
1681,Mari,Bien,Esta entrada no tiene comentarios,,España,"7,0",En familia,Habitación Cuádruple Estándar,19/08/2021
1682,Jose,Bien,Esta entrada no tiene comentarios,,España,"7,0",En familia,Habitación Cuádruple Estándar,9/08/2021
1683,Jorge,Agradable,Esta entrada no tiene comentarios,,España,"6,0",En pareja,Habitación Doble - 1 o 2 camas,12/07/2021
1684,Carlos,Bien,Esta entrada no tiene comentarios,,España,"7,0",En familia,Habitación Cuádruple Estándar,27/06/2021
1685,Francisco,Bien,Esta entrada no tiene comentarios,,España,"7,0",En pareja,Habitación Doble - 1 o 2 camas,17/06/2021
1686,Ivan,Bien,Esta entrada no tiene comentarios,,España,"7,0",En grupo,Habitación Cuádruple Estándar,31/05/2021
1687,Cristina,Bien,Esta entrada no tiene comentarios,,España,"7,0",En familia,Habitación Familiar,6/05/2021
1688,Elisabeth,Bien,Esta entrada no tiene comentarios,,España,"7,0",En pareja,Habitación Doble - 1 o 2 camas,26/04/2021
1689,David,Bien,Esta entrada no tiene comentarios,,España,"7,0",En familia,Habitación Triple,4/04/2021
1690,Manuel,Aceptable,Esta entrada no tiene comentarios,,España,"5,0",En pareja,Habitación Doble - 1 o 2 camas,9/03/2021
1691,Victor,Agradable,Esta entrada no tiene comentarios,,España,"6,0",En grupo,Habitación Doble - 1 o 2 camas,1/03/2021
1692,David,Bien,Esta entrada no tiene comentarios,,España,"7,0",En pareja,Habitación Doble - 1 o 2 camas,10/01/2021
1693,Agustin,Aceptable,Esta entrada no tiene comentarios,,España,"5,0",Persona que viaja sola,Habitación Individual,22/12/2020
1694,Jordi,Mal,Esta entrada no tiene comentarios,,España,"3,0",En grupo,Habitación Doble - 1 o 2 camas,5/12/2020
1695,Oscar,Agradable,Esta entrada no tiene comentarios,,España,"6,0",En pareja,Habitación Doble - 1 o 2 camas,23/11/2020
1696,Luis,Bien,Esta entrada no tiene comentarios,,España,"7,0",En pareja,Habitación Doble - 1 o 2 camas,14/11/2020
1697,Itziar,Aceptable,Esta entrada no tiene comentarios,,España,"5,0",En pareja,Habitación Doble - 1 o 2 camas,16/10/2020
1698,Felix,Pésimo,Esta entrada no tiene comentarios,,España,"1,0",En pareja,Habitación Doble - 1 o 2 camas,6/10/2020
1699,Paula,Bien,Esta entrada no tiene comentarios,,España,"7,0",En grupo,Habitación Cuádruple Estándar,14/09/2020
1700,Begoña,Bien,Esta entrada no tiene comentarios,,España,"7,0",En familia,Habitación Cuádruple Estándar,11/09/2020
1701,Íngrid,Bien,Esta entrada no tiene comentarios,,España,"7,0",En pareja,Habitación Doble - 1 o 2 camas,10/09/2020
1702,Toni,Agradable,Esta entrada no tiene comentarios,,España,"6,0",En familia,Habitación Triple,6/09/2020
1703,Nito77,Agradable,Esta entrada no tiene comentarios,,España,"6,0",En familia,Habitación Familiar,30/08/2020
1704,Jorge,Bien,Esta entrada no tiene comentarios,,España,"7,0",En pareja,Habitación Doble - 1 o 2 camas,22/08/2020
1705,Toni,Bien,Esta entrada no tiene comentarios,,España,"7,0",En familia,Habitación Cuádruple Estándar,15/08/2020
1706,Antonio,Bien,Esta entrada no tiene comentarios,,España,"7,0",En pareja,Habitación Doble - 1 o 2 camas,10/08/2020
1707,Laura,Bien,Esta entrada no tiene comentarios,,España,"7,0",En grupo,Habitación Triple,9/08/2020
1708,Alejandro,Bien,Esta entrada no tiene comentarios,,España,"7,0",En familia,Habitación Triple,6/07/2020
1709,Anónimo,Muy bien,Esta entrada no tiene comentarios,,Reino Unido,"8,0",,"2 noches · 

diciembre de 2022",6/01/2023
1710,Anónimo,Muy bien,Esta entrada no tiene comentarios,,España,"8,0",,"1 noche · 

diciembre de 2022",11/12/2022
1711,Anónimo,Muy bien,Esta entrada no tiene comentarios,,España,"8,0",,"1 noche · 

diciembre de 2022",5/12/2022
1712,Anónimo,Excepcional,Esta entrada no tiene comentarios,,España,10,,"2 noches · 

noviembre de 2022",10/11/2022
1713,Anónimo,Excepcional,Esta entrada no tiene comentarios,,España,10,,"2 noches · 

agosto de 2022",13/08/2022
1714,Anónimo,Excepcional,Esta entrada no tiene comentarios,,España,10,,"1 noche · 

junio de 2022",30/06/2022
1715,Anónimo,Muy bien,Esta entrada no tiene comentarios,,España,"8,0",,"3 noches · 

febrero de 2022",26/03/2022
1716,Anónimo,Fantástico,Esta entrada no tiene comentarios,,España,"9,0",,"1 noche · 

noviembre de 2021",25/12/2021
1717,Anónimo,Fantástico,Esta entrada no tiene comentarios,,España,"9,0",,"1 noche · 

diciembre de 2021",13/12/2021
1718,Anónimo,Fantástico,Esta entrada no tiene comentarios,,España,"9,0",,"1 noche · 

diciembre de 2021",3/12/2021
1719,Anónimo,Fantástico,Esta entrada no tiene comentarios,,España,"9,0",,"3 noches · 

octubre de 2021",21/10/2021
1720,Anónimo,Fantástico,Esta entrada no tiene comentarios,,España,"9,0",,"2 noches · 

octubre de 2021",8/10/2021
1721,Anónimo,Muy bien,Esta entrada no tiene comentarios,,España,"8,0",,"2 noches · 

septiembre de 2021",3/10/2021
1722,Anónimo,Muy bien,Esta entrada no tiene comentarios,,España,"8,0",,"2 noches · 

septiembre de 2021",1/10/2021
1723,Anónimo,Excepcional,Esta entrada no tiene comentarios,,España,10,,"2 noches · 

septiembre de 2021",30/09/2021
1724,Anónimo,Excepcional,Esta entrada no tiene comentarios,,Francia,10,,"2 noches · 

septiembre de 2021",26/09/2021
1725,Anónimo,Muy bien,Esta entrada no tiene comentarios,,España,"8,0",,"2 noches · 

agosto de 2021",1/09/2021
1726,Anónimo,Fantástico,Esta entrada no tiene comentarios,,España,"9,0",,"4 noches · 

agosto de 2021",13/08/2021
1727,Anónimo,Muy bien,Esta entrada no tiene comentarios,,España,"8,0",,"2 noches · 

agosto de 2021",9/08/2021
1728,Anónimo,Muy bien,Esta entrada no tiene comentarios,,España,"8,0",,"2 noches · 

agosto de 2021",1/08/2021
1729,Anónimo,Fantástico,Esta entrada no tiene comentarios,,España,"9,0",,"4 noches · 

junio de 2021",11/07/2021
1730,Anónimo,Muy bien,Esta entrada no tiene comentarios,,España,"8,0",,"4 noches · 

febrero de 2021",28/02/2021
1731,Anónimo,Excepcional,Esta entrada no tiene comentarios,,España,10,,"1 noche · 

febrero de 2021",23/02/2021
1732,Anónimo,Excepcional,Esta entrada no tiene comentarios,,España,10,,"1 noche · 

febrero de 2021",18/02/2021
1733,Anónimo,Excepcional,Esta entrada no tiene comentarios,,España,10,,"1 noche · 

diciembre de 2020",15/12/2020
1734,Anónimo,Fantástico,Esta entrada no tiene comentarios,,España,"9,0",,"2 noches · 

noviembre de 2020",21/11/2020
1735,Anónimo,Muy bien,Esta entrada no tiene comentarios,,España,"8,0",,"1 noche · 

octubre de 2020",25/10/2020
1736,Anónimo,Fantástico,Esta entrada no tiene comentarios,,España,"9,0",,"1 noche · 

octubre de 2020",11/10/2020
1737,Anónimo,Muy bien,Esta entrada no tiene comentarios,,España,"8,0",,"1 noche · 

agosto de 2020",2/09/2020
1738,Anónimo,Muy bien,Esta entrada no tiene comentarios,,España,"8,0",,"2 noches · 

julio de 2020",26/08/2020
1739,Anónimo,Muy bien,Esta entrada no tiene comentarios,,España,"8,0",,"4 noches · 

agosto de 2020",24/08/2020
1740,Anónimo,Muy bien,Esta entrada no tiene comentarios,,España,"8,0",,"1 noche · 

julio de 2020",20/08/2020
1741,Anónimo,Aceptable,Esta entrada no tiene comentarios,,España,"5,0",,"1 noche · 

diciembre de 2021",6/12/2021
1742,Anónimo,Aceptable,Esta entrada no tiene comentarios,,Bulgaria,"5,0",,"1 noche · 

octubre de 2021",6/10/2021
1743,Anónimo,Bien,Esta entrada no tiene comentarios,,España,"7,0",,"3 noches · 

agosto de 2021",29/08/2021
1744,Anónimo,Bien,Esta entrada no tiene comentarios,,España,"7,0",,"1 noche · 

mayo de 2021",27/05/2021
1745,Anónimo,Bien,Esta entrada no tiene comentarios,,España,"7,0",,"1 noche · 

septiembre de 2020",18/09/2020
1746,Anónimo,Bien,Esta entrada no tiene comentarios,,España,"7,0",,"2 noches · 

agosto de 2020",9/08/2020
1747,Oscar,Fantástico,Esta entrada no tiene comentarios,,España,"9,0",En familia,Habitación Cuádruple Estándar,1/05/2023
1748,Beatriz,Fantástico,Esta entrada no tiene comentarios,,España,"9,0",En familia,Habitación Triple,26/04/2023
1749,Eva,Muy bien,Esta entrada no tiene comentarios,,República Checa,"8,0",En grupo,Habitación Doble Deluxe,25/04/2023
1750,Goldenberg,Excepcional,Esta entrada no tiene comentarios,,Israel,10,En grupo,Habitación Cuádruple Estándar,14/04/2023
1751,Joan,Your home in Andorra.,Esta entrada no tiene comentarios,,España,10,En familia,Habitación Triple,12/04/2023
1752,Dmitry,Muy bien,Esta entrada no tiene comentarios,,España,"8,0",En familia,Habitación Familiar Deluxe,6/04/2023
1753,Karan,Fantástico,Esta entrada no tiene comentarios,,España,"9,0",En familia,Habitación Familiar (2 adultos y 2 niños),3/04/2023
1754,Francesc,Muy bien,Esta entrada no tiene comentarios,,España,"8,0",En familia,Habitación Doble Deluxe,13/03/2023
1755,Joanna,Muy bien,Esta entrada no tiene comentarios,,Chipre,"8,0",En grupo,Habitación Familiar,5/03/2023
1756,Yuet,Muy bien,Esta entrada no tiene comentarios,,Hong Kong,"8,0",En familia,Habitación Doble - 1 o 2 camas,21/02/2023
1757,Alexander,Muy bien,Esta entrada no tiene comentarios,,Croacia,"8,0",En pareja,Habitación Doble - 1 o 2 camas,12/02/2023
1758,Aleksandrs,Fantástico,Esta entrada no tiene comentarios,,Letonia,"9,0",En pareja,Habitación Cuádruple Estándar,6/02/2023
1759,Oleksiy,Excepcional,Esta entrada no tiene comentarios,,Ucrania,10,En pareja,Habitación Doble Deluxe,31/01/2023
1760,Chioma,Muy bien,Esta entrada no tiene comentarios,,Reino Unido,"8,0",En pareja,Habitación Doble - 1 o 2 camas,22/12/2022
1761,Morgane,Fantástico,Esta entrada no tiene comentarios,,Estados Unidos,"9,0",En familia,Habitación Triple,18/12/2022
1762,Deborah,Fantástico,Esta entrada no tiene comentarios,,Estados Unidos,"9,0",En familia,Habitación Cuádruple Estándar,1/12/2022
1763,Zhang,Fantástico,Esta entrada no tiene comentarios,,China,"9,0",En familia,Habitación Triple,28/11/2022
1764,Shir,Muy bien,Esta entrada no tiene comentarios,,Israel,"8,0",En grupo,Habitación Cuádruple Estándar,26/11/2022
1765,Cosmin,Excepcional,Esta entrada no tiene comentarios,,Suiza,10,Persona que viaja sola,Habitación Doble - 1 o 2 camas,18/09/2022
1766,Tan,Fantástico,Esta entrada no tiene comentarios,,Macao,"9,0",En pareja,Habitación Doble - 1 o 2 camas,30/08/2022
1767,Francesc,Muy bien,Esta entrada no tiene comentarios,,España,"8,0",En pareja,Habitación Doble - 1 o 2 camas,28/08/2022
1768,Samuel,Muy bien,Esta entrada no tiene comentarios,,España,"8,0",En familia,Habitación Triple,22/08/2022
1769,Luis,Muy bien,Esta entrada no tiene comentarios,,España,"8,0",En pareja,Habitación Cuádruple Deluxe,6/08/2022
1770,Dominic,Muy bien,Esta entrada no tiene comentarios,,Reino Unido,"8,0",En familia,Habitación Individual,26/07/2022
1771,Tan,Fantástico,Esta entrada no tiene comentarios,,Macao,"9,0",En pareja,Habitación Doble - 1 o 2 camas,19/07/2022
1772,Egor,Fantástico,Esta entrada no tiene comentarios,,Polonia,"9,0",En familia,Habitación Familiar,10/07/2022
1773,Robert,the best hotel by far on my trip,Esta entrada no tiene comentarios,,Reino Unido,10,En pareja,Habitación Familiar,12/05/2022
1774,Olena,Muy bien,Esta entrada no tiene comentarios,,Ucrania,"8,0",Persona que viaja sola,Habitación Doble - 1 o 2 camas,10/05/2022
1775,Fabiola,Excepcional,Esta entrada no tiene comentarios,,España,10,En grupo,Habitación Cuádruple Estándar,1/05/2022
1776,Guillermo,Fantástico,Esta entrada no tiene comentarios,,España,"9,0",En familia,Habitación Doble - 1 o 2 camas,3/04/2022
1777,Laura,Excepcional,Esta entrada no tiene comentarios,,Colombia,10,En grupo,Habitación Cuádruple Estándar,15/03/2022
1778,Roman,Muy bien,Esta entrada no tiene comentarios,,Rumanía,"8,0",En familia,Habitación Triple,27/02/2022
1779,Jizza,Excepcional,Esta entrada no tiene comentarios,,España,10,En grupo,Habitación Triple,14/02/2022
1780,Carles,Fantástico,Esta entrada no tiene comentarios,,España,"9,0",En grupo,Habitación Doble - 1 o 2 camas,13/01/2022
1781,Marco,Muy bien,Esta entrada no tiene comentarios,,Francia,"8,0",En pareja,Habitación Doble - 1 o 2 camas,23/11/2021
1782,Albert,Muy bien,Esta entrada no tiene comentarios,,España,"8,0",En pareja,Habitación Doble - 1 o 2 camas,6/11/2021
1783,Viorel,Fantástico,Esta entrada no tiene comentarios,,Irlanda,"9,0",En familia,Habitación Doble - 1 o 2 camas,4/10/2021
1784,Patu,Muy bien,Esta entrada no tiene comentarios,,España,"8,0",En pareja,Habitación Doble - 1 o 2 camas,5/09/2021
1785,Carlos,Muy bien,Esta entrada no tiene comentarios,,España,"8,0",En pareja,Habitación Doble - 1 o 2 camas,17/08/2021
1786,Carolyn,Fantástico,Esta entrada no tiene comentarios,,Reino Unido,"9,0",En grupo,Habitación Individual,13/07/2021
1787,Lorraine,Fantástico,Esta entrada no tiene comentarios,,Francia,"9,0",En pareja,Habitación Doble - 1 o 2 camas,5/04/2021
1788,Vincent,Fantástico,Esta entrada no tiene comentarios,,Francia,"9,0",En pareja,Habitación Doble - 1 o 2 camas,11/02/2021
1789,Ingrid,Excepcional,Esta entrada no tiene comentarios,,España,10,En pareja,Habitación Doble - 1 o 2 camas,6/01/2021
1790,Gigareta9,Fabuloso,Esta entrada no tiene comentarios,,España,"8,8",En pareja,Habitación Doble - 1 o 2 camas,31/08/2020
1791,Chris,Bien,Esta entrada no tiene comentarios,,España,"7,0",En pareja,Habitación Doble Deluxe,8/01/2023
1792,Jessica,Bien,Esta entrada no tiene comentarios,,Reino Unido,"7,0",En familia,Habitación Doble - 1 o 2 camas,8/07/2022
1793,Francisco,Bien,Esta entrada no tiene comentarios,,España,"7,0",En familia,Habitación Familiar (2 adultos y 2 niños),17/08/2021
1794,Kimberly,Agradable,Esta entrada no tiene comentarios,,Estados Unidos,"6,0",En pareja,Habitación Doble - 1 o 2 camas,4/10/2020
1795,Anónimo,Fantástico,Esta entrada no tiene comentarios,,Israel,"9,0",,"1 noche · 

octubre de 2022",6/10/2022
1796,Anónimo,Bien,Esta entrada no tiene comentarios,,España,"7,0",,"1 noche · 

enero de 2021",9/01/2021
1797,Sophie,Fantástico,Esta entrada no tiene comentarios,,Francia,"9,0",En pareja,Habitación Doble Deluxe,16/05/2023
1798,Marc,Muy bien,Esta entrada no tiene comentarios,,España,"8,0",Persona que viaja sola,Habitación Doble - 1 o 2 camas,9/05/2023
1799,Lara,Super comme toujours,Esta entrada no tiene comentarios,,Bélgica,"8,0",En familia,Habitación Cuádruple Deluxe,2/05/2023
1800,Elisabete,Excepcional,Esta entrada no tiene comentarios,,Portugal,10,En grupo,Habitación Doble - 1 o 2 camas,1/05/2023
1801,Antoinette,Excepcional,Esta entrada no tiene comentarios,,Guayana Francesa,10,En pareja,Habitación Doble Deluxe,17/04/2023
1802,Aleh,Muy bien,Esta entrada no tiene comentarios,,Bielorrusia,"8,0",En pareja,Habitación Doble - 1 o 2 camas,14/04/2023
1803,Diana,Excepcional,Esta entrada no tiene comentarios,,Alemania,10,En grupo,Habitación Cuádruple Estándar,14/04/2023
1804,Albert,Fantástico,Esta entrada no tiene comentarios,,España,"9,0",En familia,Habitación Cuádruple Deluxe,9/04/2023
1805,Cristofol,Fantástico,Esta entrada no tiene comentarios,,España,"9,0",En familia,Habitación Triple,7/04/2023
1806,Franciscodiez,Excepcional,Esta entrada no tiene comentarios,,Brasil,10,En pareja,Habitación Cuádruple Deluxe,7/04/2023
1807,Audrey,Fantástico,Esta entrada no tiene comentarios,,Francia,"9,0",En familia,Habitación Cuádruple Deluxe,3/04/2023
1808,Elsa,Excepcional,Esta entrada no tiene comentarios,,Francia,10,En grupo,Habitación Cuádruple Deluxe,27/03/2023
1809,Bertrand,Muy bien,Esta entrada no tiene comentarios,,Francia,"8,0",En grupo,Habitación Cuádruple Estándar,24/03/2023
1810,Yongjie,Excepcional,Esta entrada no tiene comentarios,,España,10,En pareja,Habitación Doble - 1 o 2 camas,16/03/2023
1811,Anna,Excepcional,Esta entrada no tiene comentarios,,España,10,En familia,Habitación Cuádruple Deluxe,16/03/2023
1812,Khaled,Muy bien,Esta entrada no tiene comentarios,,Francia,"8,0",En pareja,Habitación Triple,15/03/2023
1813,Khadidja,Excepcional,Esta entrada no tiene comentarios,,Francia,10,En pareja,Habitación Doble - 1 o 2 camas,13/03/2023
1814,Gemma,Muy bien,Esta entrada no tiene comentarios,,España,"8,0",En familia,Habitación Familiar,13/03/2023
1815,Adriano,Excepcional,Esta entrada no tiene comentarios,,Brasil,10,En familia,Habitación Familiar,26/02/2023
1816,Ricardo,Muy bien,Esta entrada no tiene comentarios,,Portugal,"8,0",En familia,Habitación Cuádruple Deluxe,23/02/2023
1817,Joana,Muy bien,Esta entrada no tiene comentarios,,Portugal,"8,0",En grupo,Habitación Triple,22/02/2023
1818,Jade,Excepcional,Esta entrada no tiene comentarios,,Francia,10,En grupo,Habitación Cuádruple Estándar,22/02/2023
1819,Jose,Muy bien,Esta entrada no tiene comentarios,,Portugal,"8,0",En pareja,Habitación Doble Deluxe,21/02/2023
1820,Dmitri,Excepcional,Esta entrada no tiene comentarios,,Estonia,10,En grupo,Habitación Doble Deluxe,15/02/2023
1821,Johann,Excepcional,Esta entrada no tiene comentarios,,Francia,10,En grupo,Habitación Cuádruple Estándar,13/02/2023
1822,Olga,Fantástico,Esta entrada no tiene comentarios,,Francia,"9,0",En grupo,Habitación Cuádruple Estándar,13/02/2023
1823,Marianna,Excepcional,Esta entrada no tiene comentarios,,Israel,10,Persona que viaja sola,Habitación Doble Deluxe,12/02/2023
1824,Esther,Fantástico,Esta entrada no tiene comentarios,,España,"9,0",En grupo,Habitación Cuádruple Estándar,6/02/2023
1825,Tomás,Excepcional,Esta entrada no tiene comentarios,,Portugal,10,En pareja,Habitación Doble - 1 o 2 camas,5/02/2023
1826,Francina,Excepcional,Esta entrada no tiene comentarios,,España,10,En pareja,Habitación Doble Deluxe,31/01/2023
1827,Eva,Fantástico,Esta entrada no tiene comentarios,,España,"9,0",En grupo,Habitación Familiar Deluxe,29/01/2023
1828,Sergey,Excepcional,Esta entrada no tiene comentarios,,España,10,En grupo,Habitación Cuádruple Estándar,29/01/2023
1829,Martyna,Muy bien,Esta entrada no tiene comentarios,,Francia,"8,0",En familia,Habitación Cuádruple Estándar,28/01/2023
1830,Hamza,Excepcional,Esta entrada no tiene comentarios,,Marruecos,10,En pareja,Habitación Doble - 1 o 2 camas,26/01/2023
1831,Audrey,Excepcional,Esta entrada no tiene comentarios,,Francia,10,En familia,Habitación Cuádruple Estándar,26/01/2023
1832,Alexandra,Excepcional,Esta entrada no tiene comentarios,,España,10,En familia,Habitación Triple,25/01/2023
1833,Judit,Muy bien,Esta entrada no tiene comentarios,,España,"8,0",En familia,Habitación Cuádruple Estándar,25/01/2023
1834,Jordi,Fantástico,Esta entrada no tiene comentarios,,España,"9,0",En familia,Habitación Doble Deluxe,25/01/2023
1835,Dardana,Excepcional,Esta entrada no tiene comentarios,,Italia,10,En familia,Habitación Cuádruple Estándar,19/01/2023
1836,Ivet,Fantástico,Esta entrada no tiene comentarios,,España,"9,0",En pareja,Habitación Triple,18/01/2023
1837,Lluis,Excepcional,Esta entrada no tiene comentarios,,España,10,En familia,Habitación Cuádruple Estándar,16/01/2023
1838,Paul-claudiu,Fantástico,Esta entrada no tiene comentarios,,Rumanía,"9,0",En familia,Habitación Cuádruple Estándar,15/01/2023
1839,Sanchez,Muy bien,Esta entrada no tiene comentarios,,España,"8,0",En familia,Habitación Cuádruple Estándar,10/01/2023
1840,Dumitru,Excepcional,Esta entrada no tiene comentarios,,Moldavia,10,En familia,Habitación Cuádruple Deluxe,10/01/2023
1841,Xavirhc,Muy bien,Esta entrada no tiene comentarios,,España,"8,0",En pareja,Habitación Doble Deluxe,8/01/2023
1842,Ricard,Fantástico,Esta entrada no tiene comentarios,,España,"9,0",En familia,Habitación Cuádruple Estándar,3/01/2023
1843,Iswandi,Fantástico,Esta entrada no tiene comentarios,,Francia,"9,0",En familia,Habitación Triple,3/01/2023
1844,Karima,Muy bien,Esta entrada no tiene comentarios,,Francia,"8,0",En familia,Habitación Cuádruple Estándar,2/01/2023
1845,Rai,Excepcional,Esta entrada no tiene comentarios,,España,10,En pareja,Habitación Doble - 1 o 2 camas,30/12/2022
1846,Cristina,Muy bien,Esta entrada no tiene comentarios,,España,"8,0",En familia,Habitación Triple,29/12/2022
1847,Aina,Excepcional,Esta entrada no tiene comentarios,,España,10,En grupo,Habitación Triple,28/12/2022
1848,Yolanda,Muy bien,Esta entrada no tiene comentarios,,España,"8,0",En familia,Habitación Triple,28/12/2022
1849,Vicenç,Muy bien,Esta entrada no tiene comentarios,,España,"8,0",En familia,Habitación Cuádruple Estándar,28/12/2022
1850,Marie-pierre,Excepcional,Esta entrada no tiene comentarios,,Francia,10,En familia,Habitación Familiar Deluxe,28/12/2022
1851,Vadim,Excepcional,Esta entrada no tiene comentarios,,Israel,10,En familia,Habitación Cuádruple Estándar,26/12/2022
1852,Jianqiao,Excepcional,Esta entrada no tiene comentarios,,España,10,En familia,Habitación Cuádruple Estándar,26/12/2022
1853,Lidia,Muy bien,Esta entrada no tiene comentarios,,España,"8,0",En grupo,Habitación Familiar Deluxe,25/12/2022
1854,Olena,Excepcional,Esta entrada no tiene comentarios,,Ucrania,10,En familia,Habitación Triple,23/12/2022
1855,Tom,Excepcional,Esta entrada no tiene comentarios,,Portugal,10,En pareja,Habitación Doble - 1 o 2 camas,21/12/2022
1856,Ainhoa,Excepcional,Esta entrada no tiene comentarios,,España,10,En familia,Habitación Cuádruple Estándar,19/12/2022
1857,Pepi,Muy bien,Esta entrada no tiene comentarios,,España,"8,0",En familia,Habitación Cuádruple Estándar,19/12/2022
1858,Jordi,Fantástico,Esta entrada no tiene comentarios,,España,"9,0",En familia,Habitación Cuádruple Deluxe,19/12/2022
1859,M,Muy bien,Esta entrada no tiene comentarios,,España,"8,0",Persona que viaja sola,Habitación Doble - 1 o 2 camas,13/12/2022
1860,Maite,Muy bien,Esta entrada no tiene comentarios,,España,"8,0",En familia,Habitación Cuádruple Deluxe,11/12/2022
1861,Iolanda,Fantástico,Esta entrada no tiene comentarios,,España,"9,0",En familia,Habitación Cuádruple Deluxe,10/12/2022
1862,Gerard,Fantástico,Esta entrada no tiene comentarios,,Francia,"9,0",En pareja,Habitación Doble Deluxe,10/12/2022
1863,Gemma,Muy bien,Esta entrada no tiene comentarios,,España,"8,0",En grupo,Habitación Cuádruple Estándar,8/12/2022
1864,Lia,Muy bien,Esta entrada no tiene comentarios,,España,"8,0",En familia,Habitación Cuádruple Estándar,5/12/2022
1865,Nkolomiy,Excepcional,Esta entrada no tiene comentarios,,España,10,En grupo,Habitación Cuádruple Estándar,4/12/2022
1866,Amadou,Muy bien,Esta entrada no tiene comentarios,,Francia,"8,0",En pareja,Habitación Doble Deluxe,4/12/2022
1867,Mohamed,Excepcional,Esta entrada no tiene comentarios,,Argelia,10,En grupo,Habitación Triple,2/12/2022
1868,Samir,Fantástico,Esta entrada no tiene comentarios,,Francia,"9,0",En pareja,Habitación Doble - 1 o 2 camas,1/12/2022
1869,Nora,Fantástico,Esta entrada no tiene comentarios,,Francia,"9,0",En pareja,Habitación Doble Deluxe,29/11/2022
1870,Manuel,Muy bien,Esta entrada no tiene comentarios,,España,"8,0",En pareja,Habitación Doble Deluxe,28/11/2022
1871,Jean,Fantástico,Esta entrada no tiene comentarios,,Francia,"9,0",En pareja,Habitación Doble Deluxe,22/11/2022
1872,Esther,Fantástico,Esta entrada no tiene comentarios,,España,"9,0",En familia,Habitación Doble - 1 o 2 camas,19/11/2022
1873,Gina,Excepcional,Esta entrada no tiene comentarios,,España,10,En pareja,Habitación Doble - 1 o 2 camas,17/11/2022
1874,Eva,Muy bien,Esta entrada no tiene comentarios,,España,"8,0",En familia,Habitación Cuádruple Estándar,17/11/2022
1875,Albert,Excepcional,Esta entrada no tiene comentarios,,España,10,En grupo,Habitación Doble Deluxe,14/11/2022
1876,Régis,Fantástico,Esta entrada no tiene comentarios,,Francia,"9,0",En grupo,Habitación Doble Deluxe,14/11/2022
1877,Francesc,Fantástico,Esta entrada no tiene comentarios,,España,"9,0",En familia,Habitación Cuádruple Estándar,13/11/2022
1878,Paula,Excepcional,Esta entrada no tiene comentarios,,España,10,En grupo,Habitación Triple,12/11/2022
1879,Zhijian,Muy bien,Esta entrada no tiene comentarios,,Francia,"8,0",En familia,Habitación Triple,8/11/2022
1880,Olivier,Fantástico,Esta entrada no tiene comentarios,,Francia,"9,0",En familia,Habitación Cuádruple Estándar,7/11/2022
1881,Alexandra,Fantástico,Esta entrada no tiene comentarios,,Francia,"9,0",En familia,Habitación Cuádruple Estándar,5/11/2022
1882,Stéphane,Muy bien,Esta entrada no tiene comentarios,,Francia,"8,0",En familia,Habitación Cuádruple Estándar,5/11/2022
1883,Xavier,Fantástico,Esta entrada no tiene comentarios,,España,"9,0",En familia,Habitación Cuádruple Estándar,1/11/2022
1884,Viatgemés,Fantástico,Esta entrada no tiene comentarios,,España,"9,0",En pareja,Habitación Doble Deluxe,31/10/2022
1885,Patrick,Fantástico,Esta entrada no tiene comentarios,,Francia,"9,0",En pareja,Habitación Doble Deluxe,29/10/2022
1886,Oliver,Muy bien,Esta entrada no tiene comentarios,,Alemania,"8,0",En pareja,Habitación Familiar,22/10/2022
1887,Stefan,Excepcional,Esta entrada no tiene comentarios,,Alemania,10,En pareja,Habitación Doble - 1 o 2 camas,21/10/2022
1888,Francina,Excepcional,Esta entrada no tiene comentarios,,España,10,En pareja,Habitación Doble - 1 o 2 camas,19/10/2022
1889,Lemos,Muy bien,Esta entrada no tiene comentarios,,Francia,"8,0",En familia,Habitación Triple,18/10/2022
1890,Andrea,Muy bien,Esta entrada no tiene comentarios,,España,"8,0",En familia,Habitación Triple,16/10/2022
1891,Eulàlia,Muy bien,Esta entrada no tiene comentarios,,España,"8,0",En familia,Habitación Cuádruple Deluxe,16/10/2022
1892,Càndid,Fantástico,Esta entrada no tiene comentarios,,España,"9,0",En pareja,Habitación Doble - 1 o 2 camas,15/10/2022
1893,Frankvikingo,Realmente espectacular,Esta entrada no tiene comentarios,,España,10,En pareja,Habitación Doble - 1 o 2 camas,5/10/2022
1894,Jaume,Excepcional,Esta entrada no tiene comentarios,,España,10,En pareja,Habitación Doble Deluxe,3/10/2022
1895,Auset,Excepcional,Esta entrada no tiene comentarios,,Francia,10,En familia,Habitación Triple,2/10/2022
1896,Laura,Fantástico,Esta entrada no tiene comentarios,,Francia,"9,0",En grupo,Habitación Doble - 1 o 2 camas,25/09/2022
1897,Alexander,Excepcional,Esta entrada no tiene comentarios,,Rusia,10,En grupo,Habitación Cuádruple Deluxe,25/09/2022
1898,Ivet,Excepcional,Esta entrada no tiene comentarios,,España,10,En pareja,Habitación Doble - 1 o 2 camas,22/09/2022
1899,Nadia,Excepcional,Esta entrada no tiene comentarios,,Francia,10,En familia,Habitación Cuádruple Deluxe,21/09/2022
1900,Christophe,Excepcional,Esta entrada no tiene comentarios,,Francia,10,En familia,Habitación Familiar,19/09/2022
1901,Sara,Fantástico,Esta entrada no tiene comentarios,,España,"9,0",En familia,Habitación Triple,18/09/2022
1902,Rachid,Muy bien,Esta entrada no tiene comentarios,,Bélgica,"8,0",En pareja,Habitación Doble - 1 o 2 camas,16/09/2022
1903,Mariona,Excepcional,Esta entrada no tiene comentarios,,España,10,En grupo,Habitación Doble Deluxe,15/09/2022
1904,Lourdes,Fantástico,Esta entrada no tiene comentarios,,España,"9,0",En familia,Habitación Triple,14/09/2022
1905,Luis,Muy bien,Esta entrada no tiene comentarios,,Portugal,"8,0",En familia,Habitación Cuádruple Estándar,10/09/2022
1906,Steeven,Fantástico,Esta entrada no tiene comentarios,,Francia,"9,0",En pareja,Habitación Doble - 1 o 2 camas,9/09/2022
1907,M,Fantástico,Esta entrada no tiene comentarios,,España,"9,0",En pareja,Habitación Doble - 1 o 2 camas,5/09/2022
1908,Marta,Muy bien,Esta entrada no tiene comentarios,,España,"8,0",En familia,Habitación Cuádruple Deluxe,3/09/2022
1909,Manoli,Fantástico,Esta entrada no tiene comentarios,,España,"9,0",En familia,Habitación Doble - 1 o 2 camas,1/09/2022
1910,Maria,Fantástico,Esta entrada no tiene comentarios,,España,"9,0",En familia,Habitación Doble - 1 o 2 camas,1/09/2022
1911,Vanessa,Fantástico,Esta entrada no tiene comentarios,,Francia,"9,0",En pareja,Habitación Doble - 1 o 2 camas,30/08/2022
1912,H,Fantástico,Esta entrada no tiene comentarios,,Portugal,"9,0",En familia,Habitación Triple,29/08/2022
1913,Jurado,Excepcional,Esta entrada no tiene comentarios,,España,10,En familia,Habitación Cuádruple Estándar,28/08/2022
1914,Mònica,Comodidad en el centro de Escaldes-Engordany.,Esta entrada no tiene comentarios,,España,"9,0",En familia,Habitación Triple,26/08/2022
1915,Eduard,Excepcional,Esta entrada no tiene comentarios,,España,10,En familia,Habitación Cuádruple Estándar,24/08/2022
1916,Jaume,Excepcional,Esta entrada no tiene comentarios,,España,10,En familia,Habitación Triple,24/08/2022
1917,Josep,Excepcional,Esta entrada no tiene comentarios,,España,10,En pareja,Habitación Doble - 1 o 2 camas,22/08/2022
1918,Xavier,Muy bien,Esta entrada no tiene comentarios,,España,"8,0",En familia,Habitación Cuádruple Deluxe,21/08/2022
1919,Christophe,Muy bien,Esta entrada no tiene comentarios,,Reunión,"8,0",En familia,Habitación Familiar,21/08/2022
1920,Guillaume,Excepcional,Esta entrada no tiene comentarios,,Francia,10,En familia,Habitación Familiar,21/08/2022
1921,Consol,Fantástico,Esta entrada no tiene comentarios,,España,"9,0",En grupo,Habitación Doble - 1 o 2 camas,21/08/2022
1922,Alexandre,Fantástico,Esta entrada no tiene comentarios,,Francia,"9,0",En grupo,Habitación Doble Deluxe,19/08/2022
1923,Jordi,Fantástico,Esta entrada no tiene comentarios,,España,"9,0",En familia,Habitación Cuádruple Estándar,19/08/2022
1924,Cindy,Muy bien,Esta entrada no tiene comentarios,,Países Bajos,"8,0",En familia,Habitación Cuádruple Deluxe,18/08/2022
1925,John,Muy bien,Esta entrada no tiene comentarios,,Países Bajos,"8,0",En familia,Habitación Cuádruple Estándar,17/08/2022
1926,Jorge,Muy bien,Esta entrada no tiene comentarios,,España,"8,0",En pareja,Habitación Doble Deluxe,17/08/2022
1927,Imane,Muy bien,Esta entrada no tiene comentarios,,Francia,"8,0",En familia,Habitación Familiar Deluxe,12/08/2022
1928,Géraldine,Excepcional,Esta entrada no tiene comentarios,,Francia,10,En familia,Habitación Familiar,12/08/2022
1929,Dolores,Muy bien,Esta entrada no tiene comentarios,,España,"8,0",En familia,Habitación Cuádruple Estándar,12/08/2022
1930,Frédéric,Muy bien,Esta entrada no tiene comentarios,,Francia,"8,0",En pareja,Habitación Doble - 1 o 2 camas,12/08/2022
1931,Céline,Fantástico,Esta entrada no tiene comentarios,,Francia,"9,0",En familia,Habitación Familiar Deluxe,11/08/2022
1932,Marta,Excepcional,Esta entrada no tiene comentarios,,España,10,En familia,Habitación Triple,11/08/2022
1933,Miguel,Fantástico,Esta entrada no tiene comentarios,,España,"9,0",En familia,Habitación Triple,10/08/2022
1934,Rob,Muy bien,Esta entrada no tiene comentarios,,España,"8,0",En familia,Habitación Cuádruple Deluxe,10/08/2022
1935,Jochen,Muy bien,Esta entrada no tiene comentarios,,Alemania,"8,0",En pareja,Habitación Doble Deluxe,8/08/2022
1936,Montserrat,Fantástico,Esta entrada no tiene comentarios,,España,"9,0",En familia,Habitación Triple,7/08/2022
1937,Elisenda,Muy bien,Esta entrada no tiene comentarios,,España,"8,0",En familia,Habitación Triple,7/08/2022
1938,Cristofol,Muy bien,Esta entrada no tiene comentarios,,España,"8,0",En familia,Habitación Triple,5/08/2022
1939,Agusti,Fantástico,Esta entrada no tiene comentarios,,España,"9,0",En grupo,Habitación Doble - 1 o 2 camas,2/08/2022
1940,Josep,Fantástico,Esta entrada no tiene comentarios,,España,"9,0",En familia,Habitación Cuádruple Estándar,31/07/2022
1941,Christopher,Fantástico,Esta entrada no tiene comentarios,,Francia,"9,0",En familia,Habitación Familiar,30/07/2022
1942,Eric,Excepcional,Esta entrada no tiene comentarios,,Francia,"9,6",En familia,Habitación Doble - 1 o 2 camas,30/07/2022
1943,Fathia,Muy bien,Esta entrada no tiene comentarios,,Francia,"8,0",En familia,Habitación Familiar,29/07/2022
1944,Hans,Excepcional,Esta entrada no tiene comentarios,,Alemania,10,En pareja,Habitación Doble - 1 o 2 camas,28/07/2022
1945,Florian,Fantástico,Esta entrada no tiene comentarios,,Francia,"9,0",En familia,Habitación Triple,28/07/2022
1946,Fabrizio,Muy bien,Esta entrada no tiene comentarios,,Italia,"8,0",En familia,Habitación Cuádruple Estándar,27/07/2022
1947,Jordi,Fantástico,Esta entrada no tiene comentarios,,España,"9,0",En familia,Habitación Cuádruple Estándar,25/07/2022
1948,Xavier,Muy bien,Esta entrada no tiene comentarios,,España,"8,0",En grupo,Habitación Cuádruple Estándar,25/07/2022
1949,Rossend,Fantástico,Esta entrada no tiene comentarios,,España,"9,0",En pareja,Habitación Cuádruple Estándar,24/07/2022
1950,Pilar,Fantástico,Esta entrada no tiene comentarios,,España,"9,0",En pareja,Habitación Doble Deluxe,21/07/2022
1951,Núria,Fantástico,Esta entrada no tiene comentarios,,España,"9,0",En familia,Habitación Cuádruple Estándar,21/07/2022
1952,Joan,Muy bien,Esta entrada no tiene comentarios,,España,"8,0",En familia,Habitación Triple,20/07/2022
1953,Raquel,Fantástico,Esta entrada no tiene comentarios,,España,"9,0",En familia,Habitación Cuádruple Deluxe,18/07/2022
1954,Eric,Muy bien,Esta entrada no tiene comentarios,,Francia,"8,0",En familia,Habitación Doble - 1 o 2 camas,17/07/2022
1955,Marc,Muy bien,Esta entrada no tiene comentarios,,España,"8,0",En familia,Habitación Cuádruple Estándar,17/07/2022
1956,Sylvain,Fantástico,Esta entrada no tiene comentarios,,Francia,"9,0",En pareja,Habitación Doble - 1 o 2 camas,16/07/2022
1957,Gemma,Excepcional,Esta entrada no tiene comentarios,,España,10,En pareja,Habitación Doble - 1 o 2 camas,11/07/2022
1958,France,Fantástico,Esta entrada no tiene comentarios,,Francia,"9,0",Persona que viaja sola,Habitación Doble - 1 o 2 camas,6/07/2022
1959,Тарас,Excepcional,Esta entrada no tiene comentarios,,Ucrania,10,En grupo,Habitación Familiar Deluxe,6/07/2022
1960,Mireia,Muy bien,Esta entrada no tiene comentarios,,España,"8,0",En pareja,Habitación Doble - 1 o 2 camas,5/07/2022
1961,Malika,Excepcional,Esta entrada no tiene comentarios,,Francia,10,En familia,Habitación Triple,3/07/2022
1962,Oleh,Fantástico,Esta entrada no tiene comentarios,,España,"9,0",En familia,Habitación Familiar,29/06/2022
1963,Eduardo,Excepcional,Esta entrada no tiene comentarios,,Portugal,10,En pareja,Habitación Doble - 1 o 2 camas,28/06/2022
1964,Josep,Fantástico,Esta entrada no tiene comentarios,,España,"9,0",En pareja,Habitación Doble - 1 o 2 camas,26/06/2022
1965,Helena,Fantástico,Esta entrada no tiene comentarios,,España,"9,0",En familia,Habitación Triple,25/06/2022
1966,Miluše,Fantástico,Esta entrada no tiene comentarios,,"Abjasia, ​Georgia","9,0",En pareja,Habitación Doble - 1 o 2 camas,24/06/2022
1967,Stephan,Muy bien,Esta entrada no tiene comentarios,,Francia,"8,0",En familia,Habitación Doble - 1 o 2 camas,20/06/2022
1968,Marcel,Fantástico,Esta entrada no tiene comentarios,,Suiza,"9,0",En pareja,Habitación Doble - 1 o 2 camas,19/06/2022
1969,Nazareno,Fantástico,Esta entrada no tiene comentarios,,Italia,"9,0",En pareja,Habitación Doble - 1 o 2 camas,16/06/2022
1970,Elianecaylet,Fantástico,Esta entrada no tiene comentarios,,España,"9,0",En grupo,Habitación Triple,15/06/2022
1971,Marina,Muy bien,Esta entrada no tiene comentarios,,Alemania,"8,0",En pareja,Habitación Doble - 1 o 2 camas,10/06/2022
1972,Sonia,Excepcional,Esta entrada no tiene comentarios,,España,10,En familia,Habitación Familiar,6/06/2022
1973,Josef,Muy bien,Esta entrada no tiene comentarios,,Austria,"8,0",En familia,Habitación Doble - 1 o 2 camas,6/06/2022
1974,Marie,Excepcional,Esta entrada no tiene comentarios,,Francia,10,En pareja,Habitación Doble - 1 o 2 camas,30/05/2022
1975,Monia,Muy bien,Esta entrada no tiene comentarios,,Francia,"8,0",En familia,Habitación Doble - 1 o 2 camas,28/05/2022
1976,Ulrich,Fantástico,Esta entrada no tiene comentarios,,Reunión,"9,0",En pareja,Habitación Doble - 1 o 2 camas,27/05/2022
1977,Mario,Excepcional,Esta entrada no tiene comentarios,,Francia,10,En familia,Habitación Cuádruple Deluxe,25/05/2022
1978,Ricard,Bon personal I bon hotel,Esta entrada no tiene comentarios,,España,"8,0",En pareja,Habitación Doble - 1 o 2 camas,16/05/2022
1979,Cristian,Excepcional,Esta entrada no tiene comentarios,,Francia,10,En pareja,Habitación Doble - 1 o 2 camas,16/05/2022
1980,Amar,Muy bien,Esta entrada no tiene comentarios,,Francia,"8,0",En pareja,Habitación Doble - 1 o 2 camas,15/05/2022
1981,Ba\',Muy bien,Esta entrada no tiene comentarios,,Portugal,"8,0",En familia,Habitación Cuádruple Estándar,12/05/2022
1982,Adrià,Fantástico,Esta entrada no tiene comentarios,,España,"9,0",En pareja,Habitación Doble - 1 o 2 camas,9/05/2022
1983,Neus,Fantástico,Esta entrada no tiene comentarios,,España,"9,0",En pareja,Habitación Doble Deluxe,8/05/2022
1984,Gloria,Fantástico,Esta entrada no tiene comentarios,,España,"9,0",En pareja,Habitación Doble - 1 o 2 camas,3/05/2022
1985,Eva,Fantástico,Esta entrada no tiene comentarios,,España,"9,0",En familia,Habitación Doble - 1 o 2 camas,2/05/2022
1986,Pereira,Excepcional,Esta entrada no tiene comentarios,,Portugal,10,En familia,Habitación Doble - 1 o 2 camas,28/04/2022
1987,Daniel,Muy bien,Esta entrada no tiene comentarios,,Francia,"8,0",En pareja,Habitación Doble - 1 o 2 camas,28/04/2022
1988,Walter,Excepcional,Esta entrada no tiene comentarios,,Alemania,10,En familia,Habitación Doble - 1 o 2 camas,22/04/2022
1989,Coralie,Muy bien,Esta entrada no tiene comentarios,,Francia,"8,0",En familia,Habitación Familiar,20/04/2022
1990,Eric,Fantástico,Esta entrada no tiene comentarios,,Francia,"9,0",En pareja,Habitación Doble - 1 o 2 camas,18/04/2022
1991,Àngels,Muy bien,Esta entrada no tiene comentarios,,España,"8,0",En familia,Habitación Cuádruple Estándar,17/04/2022
1992,Jean,Fantástico,Esta entrada no tiene comentarios,,Francia,"9,0",En pareja,Habitación Doble - 1 o 2 camas,15/04/2022
1993,عبدالعزيز,Excepcional,Esta entrada no tiene comentarios,,Emiratos Árabes Unidos,10,En grupo,Habitación Triple,4/04/2022
1994,Robert,Excepcional,Esta entrada no tiene comentarios,,España,10,En grupo,Habitación Cuádruple Estándar,20/03/2022
1995,Chloe,Muy bien,Esta entrada no tiene comentarios,,Francia,"8,0",En grupo,Habitación Doble - 1 o 2 camas,20/03/2022
1996,Johanna,Fantástico,Esta entrada no tiene comentarios,,Francia,"9,0",En familia,Habitación Familiar,14/03/2022
1997,Silvia,Fantástico,Esta entrada no tiene comentarios,,España,"9,0",En familia,Habitación Triple,14/03/2022
1998,Cecilia,Fantástico,Esta entrada no tiene comentarios,,España,"9,0",En grupo,Habitación Cuádruple Deluxe,13/03/2022
1999,Pagnon,Excepcional,Esta entrada no tiene comentarios,,Francia,10,En pareja,Habitación Doble - 1 o 2 camas,12/03/2022
2000,Julie,Muy bien,Esta entrada no tiene comentarios,,Francia,"8,0",En familia,Habitación Familiar Deluxe,7/03/2022
2001,Ariadna,Fantástico,Esta entrada no tiene comentarios,,España,"9,0",En familia,Habitación Cuádruple Deluxe,6/03/2022
2002,Raul,Fantástico,Esta entrada no tiene comentarios,,España,"9,0",En familia,Habitación Cuádruple Deluxe,3/03/2022
2003,Eva,Fantástico,Esta entrada no tiene comentarios,,España,"9,0",En pareja,Habitación Cuádruple Estándar,27/02/2022
2004,Leila,Excepcional,Esta entrada no tiene comentarios,,Francia,10,En pareja,Habitación Doble - 1 o 2 camas,27/02/2022
2005,Christophe,Muy bien,Esta entrada no tiene comentarios,,Francia,"8,0",En pareja,Habitación Doble - 1 o 2 camas,21/02/2022
2006,Stephane,Muy bien,Esta entrada no tiene comentarios,,Francia,"8,0",En pareja,Habitación Doble - 1 o 2 camas,21/02/2022
2007,Cedric,Fantástico,Esta entrada no tiene comentarios,,Francia,"9,0",En grupo,Habitación Cuádruple Deluxe,21/02/2022
2008,Meritxell,Fantástico,Esta entrada no tiene comentarios,,España,"9,0",En familia,Habitación Familiar Deluxe,20/02/2022
2009,Éva,Excepcional,Esta entrada no tiene comentarios,,Francia,10,En familia,Habitación Cuádruple Estándar,19/02/2022
2010,Arsen,Excepcional,Esta entrada no tiene comentarios,,Francia,10,En pareja,Habitación Familiar,18/02/2022
2011,Nicolas,Fantástico,Esta entrada no tiene comentarios,,Francia,"9,0",En grupo,Habitación Doble - 1 o 2 camas,16/02/2022
2012,Nicolas,Fantástico,Esta entrada no tiene comentarios,,Francia,"9,0",En pareja,Habitación Doble Deluxe,16/02/2022
2013,Montserrat,Fantástico,Esta entrada no tiene comentarios,,España,"9,0",En familia,Habitación Doble - 1 o 2 camas,11/02/2022
2014,Jordi,Muy bien,Esta entrada no tiene comentarios,,España,"8,0",En familia,Habitación Doble - 1 o 2 camas,10/02/2022
2015,Carole,Muy bien,Esta entrada no tiene comentarios,,Francia,"8,0",En pareja,Habitación Doble - 1 o 2 camas,8/02/2022
2016,Joan,Excepcional,Esta entrada no tiene comentarios,,España,10,En familia,Habitación Doble - 1 o 2 camas,5/02/2022
2017,Sergiy,Excepcional,Esta entrada no tiene comentarios,,España,10,En pareja,Habitación Doble - 1 o 2 camas,3/02/2022
2018,Laura,Muy bien,Esta entrada no tiene comentarios,,España,"8,0",En pareja,Habitación Doble - 1 o 2 camas,3/02/2022
2019,Ke,Fantástico,Esta entrada no tiene comentarios,,España,"9,0",En grupo,Habitación Cuádruple Estándar,30/01/2022
2020,Kitusset,Excepcional,Esta entrada no tiene comentarios,,España,10,En grupo,Habitación Doble Deluxe,28/01/2022
2021,Yassine,Muy bien,Esta entrada no tiene comentarios,,Francia,"8,0",En grupo,Habitación Familiar,19/01/2022
2022,Carme,Fantástico,Esta entrada no tiene comentarios,,España,"9,0",En grupo,Habitación Cuádruple Deluxe,17/01/2022
2023,Guillaume,Excepcional,Esta entrada no tiene comentarios,,Francia,10,En grupo,Habitación Cuádruple Deluxe,17/01/2022
2024,Julien,Muy bien,Esta entrada no tiene comentarios,,Francia,"8,0",En familia,Habitación Cuádruple Deluxe,16/01/2022
2025,Mallory,Excepcional,Esta entrada no tiene comentarios,,Francia,10,En pareja,Habitación Doble - 1 o 2 camas,14/01/2022
2026,Eduard,Fantástico,Esta entrada no tiene comentarios,,España,"9,0",En pareja,Habitación Doble - 1 o 2 camas,13/01/2022
2027,Ester,Muy bien,Esta entrada no tiene comentarios,,España,"8,0",En familia,Habitación Cuádruple Estándar,10/01/2022
2028,Jacob,Excepcional,Esta entrada no tiene comentarios,,España,10,En pareja,Habitación Doble - 1 o 2 camas,9/01/2022
2029,Marina,Excepcional,Esta entrada no tiene comentarios,,España,10,En grupo,Habitación Familiar Deluxe,6/01/2022
2030,Benjamin,Muy bien,Esta entrada no tiene comentarios,,Francia,"8,0",En pareja,Habitación Doble - 1 o 2 camas,4/01/2022
2031,Rahmani,Excepcional,Esta entrada no tiene comentarios,,Francia,10,En familia,Habitación Doble - 1 o 2 camas,31/12/2021
2032,Fanny,Fantástico,Esta entrada no tiene comentarios,,Francia,"9,0",En pareja,Habitación Doble - 1 o 2 camas,30/12/2021
2033,Alex,Muy bien,Esta entrada no tiene comentarios,,España,"8,0",En pareja,Habitación Doble - 1 o 2 camas,30/12/2021
2034,Ramon,Fantástico,Esta entrada no tiene comentarios,,España,"9,0",En familia,Habitación Triple,26/12/2021
2035,Òscar,Fantástico,Esta entrada no tiene comentarios,,España,"9,0",En familia,Habitación Cuádruple Estándar,25/12/2021
2036,Amine,Excepcional,Esta entrada no tiene comentarios,,Francia,10,En grupo,Habitación Cuádruple Deluxe,25/12/2021
2037,Alexandra,Excepcional,Esta entrada no tiene comentarios,,España,10,En familia,Habitación Triple,23/12/2021
2038,Lucas,Fantástico,Esta entrada no tiene comentarios,,Francia,"9,0",En pareja,Habitación Doble - 1 o 2 camas,22/12/2021
2039,Xavier,Muy bien,Esta entrada no tiene comentarios,,España,"8,0",En pareja,Habitación Doble - 1 o 2 camas,19/12/2021
2040,Alexander,Excepcional,Esta entrada no tiene comentarios,,Rusia,10,En familia,Habitación Doble - 1 o 2 camas,18/12/2021
2041,Gemma,Fantástico,Esta entrada no tiene comentarios,,España,"9,0",En familia,Habitación Triple,18/12/2021
2042,Andrea,Fantástico,Esta entrada no tiene comentarios,,Italia,"9,0",En grupo,Habitación Doble - 1 o 2 camas,16/12/2021
2043,Eila,Excepcional,Esta entrada no tiene comentarios,,España,10,En familia,Habitación Familiar Deluxe,10/12/2021
2044,Gulnara,Muy bien,Esta entrada no tiene comentarios,,Rusia,"8,0",En familia,Habitación Triple,3/12/2021
2045,Maite,Fantástico,Esta entrada no tiene comentarios,,España,"9,0",En familia,Habitación Cuádruple Estándar,1/12/2021
2046,Salvador,Fantástico,Esta entrada no tiene comentarios,,España,"9,0",En pareja,Habitación Doble Deluxe,28/11/2021
2047,Virginie,Fantástico,Esta entrada no tiene comentarios,,Francia,"9,0",En grupo,Habitación Cuádruple Estándar,24/11/2021
2048,Frédérique,Fantástico,Esta entrada no tiene comentarios,,Francia,"9,0",En familia,Habitación Familiar Deluxe,18/11/2021
2049,Yolanda,Fantástico,Esta entrada no tiene comentarios,,España,"9,0",En familia,Habitación Cuádruple Estándar,15/11/2021
2050,Amelie,Muy bien,Esta entrada no tiene comentarios,,Francia,"8,0",En grupo,Habitación Cuádruple Estándar,15/11/2021
2051,Meritxell,Fantástico,Esta entrada no tiene comentarios,,España,"9,0",En pareja,Habitación Doble - 1 o 2 camas,14/11/2021
2052,Joffrey,Excepcional,Esta entrada no tiene comentarios,,Francia,10,En pareja,Habitación Doble - 1 o 2 camas,14/11/2021
2053,Oriol,Fantástico,Esta entrada no tiene comentarios,,España,"9,0",En familia,Habitación Doble Deluxe,11/11/2021
2054,Jordi,Muy bien,Esta entrada no tiene comentarios,,España,"8,0",En pareja,Habitación Doble - 1 o 2 camas,9/11/2021
2055,Josep,Fantástico,Esta entrada no tiene comentarios,,España,"9,0",En familia,Habitación Triple,8/11/2021
2056,Nn,Fantástico,Esta entrada no tiene comentarios,,España,"9,0",En familia,Habitación Cuádruple Estándar,8/11/2021
2057,Valérie,Fantástico,Esta entrada no tiene comentarios,,Francia,"9,0",En familia,Habitación Cuádruple Estándar,5/11/2021
2058,Jean,Excepcional,Esta entrada no tiene comentarios,,Francia,10,En pareja,Habitación Doble - 1 o 2 camas,3/11/2021
2059,Jimmy,Muy bien,Esta entrada no tiene comentarios,,Francia,"8,0",En familia,Habitación Triple,2/11/2021
2060,Regina,Genial,Esta entrada no tiene comentarios,,España,"9,0",En familia,Habitación Cuádruple Estándar,2/11/2021
2061,Laia,Excepcional,Esta entrada no tiene comentarios,,España,10,En familia,Habitación Doble - 1 o 2 camas,1/11/2021
2062,Mariona,Fantástico,Esta entrada no tiene comentarios,,España,"9,0",En familia,Habitación Cuádruple Estándar,1/11/2021
2063,Sara,Excepcional,Esta entrada no tiene comentarios,,Francia,10,En pareja,Habitación Doble Deluxe,30/10/2021
2064,Mmr,Fantástico,Esta entrada no tiene comentarios,,España,"9,0",En grupo,Habitación Triple,28/10/2021
2065,Fathia,Excepcional,Esta entrada no tiene comentarios,,Francia,10,En familia,Habitación Familiar,28/10/2021
2066,Karine,Fantástico,Esta entrada no tiene comentarios,,Francia,"9,0",En familia,Habitación Familiar Deluxe,27/10/2021
2067,David,Muy bien,Esta entrada no tiene comentarios,,Francia,"8,0",Persona que viaja sola,Habitación Triple,26/10/2021
2068,Fabien,Fantástico,Esta entrada no tiene comentarios,,Francia,"9,0",En familia,Habitación Doble Deluxe,23/10/2021
2069,Julio,Muy bien,Esta entrada no tiene comentarios,,Portugal,"8,0",En grupo,Habitación Doble - 1 o 2 camas,22/10/2021
2070,Hervé,Muy bien,Esta entrada no tiene comentarios,,Francia,"8,0",En pareja,Habitación Doble - 1 o 2 camas,19/10/2021
2071,Benoit,Fantástico,Esta entrada no tiene comentarios,,Francia,"9,0",En grupo,Habitación Doble - 1 o 2 camas,18/10/2021
2072,Vanessa,Fantástico,Esta entrada no tiene comentarios,,España,"9,0",En grupo,Habitación Familiar,17/10/2021
2073,Francesc,Muy bien,Esta entrada no tiene comentarios,,España,"8,0",En pareja,Habitación Doble Deluxe,13/10/2021
2074,Enric,Moltbe,Esta entrada no tiene comentarios,,España,"8,0",En grupo,Habitación Triple,12/10/2021
2075,Olga,Fantástico,Esta entrada no tiene comentarios,,España,"9,0",En familia,Habitación Cuádruple Estándar,11/10/2021
2076,Olivier,Fantástico,Esta entrada no tiene comentarios,,Bélgica,"9,0",Persona que viaja sola,Habitación Individual,10/10/2021
2077,Vicente,Muy bien,Esta entrada no tiene comentarios,,España,"8,0",En familia,Habitación Triple,7/10/2021
2078,Javi,Fantástico,Esta entrada no tiene comentarios,,España,"9,0",En familia,Habitación Triple,4/10/2021
2079,Marc,Muy bien,Esta entrada no tiene comentarios,,España,"8,0",En pareja,Habitación Doble - 1 o 2 camas,24/09/2021
2080,Sílvia,Muy bien,Esta entrada no tiene comentarios,,España,"8,0",En familia,Habitación Familiar,12/09/2021
2081,Alberto,Fantástico,Esta entrada no tiene comentarios,,España,"9,0",En familia,Habitación Familiar,27/08/2021
2082,Joan,Fantástico,Esta entrada no tiene comentarios,,España,"9,0",En pareja,Habitación Doble - 1 o 2 camas,26/08/2021
2083,Sebastien,Fantástico,Esta entrada no tiene comentarios,,Francia,"9,0",En familia,Habitación Doble - 1 o 2 camas,23/08/2021
2084,Hervé,Fantástico,Esta entrada no tiene comentarios,,Francia,"9,0",En pareja,Habitación Doble - 1 o 2 camas,22/08/2021
2085,David,Fantástico,Esta entrada no tiene comentarios,,España,"9,0",En familia,Habitación Familiar,14/08/2021
2086,Tom,Muy bien,Esta entrada no tiene comentarios,,Bélgica,"8,0",En familia,Habitación Cuádruple Estándar,9/08/2021
2087,Estefania,Muy bien,Esta entrada no tiene comentarios,,España,"8,0",En familia,Habitación Cuádruple Estándar,8/08/2021
2088,Moises,Muy bien,Esta entrada no tiene comentarios,,España,"8,0",En familia,Habitación Cuádruple Estándar,7/08/2021
2089,Maria,Muy bien,Esta entrada no tiene comentarios,,España,"8,0",En pareja,Habitación Doble - 1 o 2 camas,4/08/2021
2090,Bernard,Fantástico,Esta entrada no tiene comentarios,,Francia,"9,0",En familia,Habitación Cuádruple Estándar,3/08/2021
2091,Joan,Habitació inmensa,Esta entrada no tiene comentarios,,España,"9,0",En pareja,Habitación Doble - 1 o 2 camas,1/08/2021
2092,Jordi,Fantástico,Esta entrada no tiene comentarios,,España,"9,0",En familia,Habitación Familiar,30/07/2021
2093,Gerard,Excepcional,Esta entrada no tiene comentarios,,España,10,En pareja,Habitación Doble - 1 o 2 camas,26/07/2021
2094,Núria,Excepcional,Esta entrada no tiene comentarios,,España,10,En familia,Habitación Triple,25/07/2021
2095,Sanglas,Fantástico,Esta entrada no tiene comentarios,,España,"9,0",En pareja,Habitación Doble - 1 o 2 camas,23/07/2021
2096,Albert,Muy bien,Esta entrada no tiene comentarios,,España,"8,0",Persona que viaja sola,Habitación Doble - 1 o 2 camas,22/07/2021
2097,Eva,Muy bien,Esta entrada no tiene comentarios,,España,"8,0",En familia,Habitación Triple,19/07/2021
2098,Remi,Fantástico,Esta entrada no tiene comentarios,,Francia,"9,0",En familia,Habitación Doble - 1 o 2 camas,17/07/2021
2099,Sylvie,Muy bien,Esta entrada no tiene comentarios,,Francia,"8,0",En pareja,Habitación Doble - 1 o 2 camas,12/07/2021
2100,Paquita,Muy bien,Esta entrada no tiene comentarios,,España,"8,0",En pareja,Habitación Doble - 1 o 2 camas,12/07/2021
2101,Jovita,Fantástico,Esta entrada no tiene comentarios,,España,"9,0",En pareja,Habitación Doble - 1 o 2 camas,11/07/2021
2102,Judit,Excepcional,Esta entrada no tiene comentarios,,España,10,En familia,Habitación Triple,5/07/2021
2103,Jaume,Excepcional,Esta entrada no tiene comentarios,,España,10,En familia,Habitación Doble - 1 o 2 camas,28/06/2021
2104,Ma,Excepcional,Esta entrada no tiene comentarios,,España,10,En familia,Habitación Doble - 1 o 2 camas,24/06/2021
2105,Ma,Fantástico,Esta entrada no tiene comentarios,,España,"9,0",En grupo,Habitación Doble - 1 o 2 camas,21/06/2021
2106,Remy,Muy bien,Esta entrada no tiene comentarios,,Francia,"8,0",En familia,Habitación Familiar,21/06/2021
2107,David,Muy bien,Esta entrada no tiene comentarios,,España,"8,0",En familia,Habitación Cuádruple Estándar,21/06/2021
2108,Margarita,Muy bien,Esta entrada no tiene comentarios,,España,"8,0",En grupo,Habitación Doble - 1 o 2 camas,15/06/2021
2109,Alberch,Excepcional,Esta entrada no tiene comentarios,,España,10,En familia,Habitación Cuádruple Estándar,14/06/2021
2110,Marie-christine,Muy bien,Esta entrada no tiene comentarios,,Francia,"8,0",En familia,Habitación Doble - 1 o 2 camas,12/06/2021
2111,Gemma,Fantástico,Esta entrada no tiene comentarios,,España,"9,0",En pareja,Habitación Doble - 1 o 2 camas,12/06/2021
2112,Francisco,Muy bien,Esta entrada no tiene comentarios,,España,"8,0",En pareja,Habitación Doble - 1 o 2 camas,8/06/2021
2113,Jaume,Muy bien,Esta entrada no tiene comentarios,,España,"8,0",En pareja,Habitación Doble - 1 o 2 camas,2/06/2021
2114,Hervé,Fantástico,Esta entrada no tiene comentarios,,Francia,"9,0",En pareja,Habitación Doble - 1 o 2 camas,1/06/2021
2115,Elliot,Muy bien,Esta entrada no tiene comentarios,,España,"8,0",En pareja,Habitación Doble - 1 o 2 camas,24/05/2021
2116,Yolanda,Excepcional,Esta entrada no tiene comentarios,,España,10,En familia,Habitación Cuádruple Estándar,23/05/2021
2117,Teresa,Excepcional,Esta entrada no tiene comentarios,,España,10,En pareja,Habitación Doble - 1 o 2 camas,20/05/2021
2118,Sebastien,Muy bien,Esta entrada no tiene comentarios,,Francia,"8,0",En familia,Habitación Cuádruple Estándar,19/05/2021
2119,Norbert,Fantástico,Esta entrada no tiene comentarios,,Francia,"9,0",En familia,Habitación Cuádruple Estándar,15/05/2021
2120,Sonia,Excepcional,Esta entrada no tiene comentarios,,España,10,En familia,Habitación Familiar,9/05/2021
2121,Dolors,Genial,Esta entrada no tiene comentarios,,España,"9,0",En familia,Habitación Cuádruple Estándar,25/04/2021
2122,Sergiy,Excepcional,Esta entrada no tiene comentarios,,España,10,En familia,Habitación Doble - 1 o 2 camas,19/04/2021
2123,Ignasi,Fantástico,Esta entrada no tiene comentarios,,España,"9,0",En familia,Habitación Triple,19/04/2021
2124,Smain,Muy bien,Esta entrada no tiene comentarios,,Francia,"8,0",En pareja,Habitación Doble - 1 o 2 camas,11/04/2021
2125,Sergiy,Excepcional,Esta entrada no tiene comentarios,,España,10,En familia,Habitación Doble - 1 o 2 camas,8/04/2021
2126,Sergiy,Excepcional,Esta entrada no tiene comentarios,,España,10,En familia,Habitación Doble - 1 o 2 camas,7/04/2021
2127,Joan,Excepcional,Esta entrada no tiene comentarios,,España,10,En familia,Habitación Triple,6/04/2021
2128,Dinjy,Excepcional,Esta entrada no tiene comentarios,,Francia,10,En grupo,Habitación Cuádruple Estándar,5/04/2021
2129,Hervé,Fantástico,Esta entrada no tiene comentarios,,Francia,"9,0",En pareja,Habitación Doble - 1 o 2 camas,4/04/2021
2130,Emma,Muy bien,Esta entrada no tiene comentarios,,Francia,"8,0",En pareja,Habitación Doble - 1 o 2 camas,31/03/2021
2131,Lu,Excepcional,Esta entrada no tiene comentarios,,Francia,10,En grupo,Habitación Doble - 1 o 2 camas,28/03/2021
2132,Isabel,Fantástico,Esta entrada no tiene comentarios,,España,"9,0",En familia,Habitación Cuádruple Estándar,25/03/2021
2133,Nasser,Excepcional,Esta entrada no tiene comentarios,,Francia,10,En familia,Apartamento,14/03/2021
2134,Ève,Excepcional,Esta entrada no tiene comentarios,,Francia,10,En pareja,Habitación Doble - 1 o 2 camas,14/03/2021
2135,Elodie,Muy bien,Esta entrada no tiene comentarios,,Francia,"8,0",En pareja,Habitación Doble - 1 o 2 camas,11/03/2021
2136,Rachel,Excepcional,Esta entrada no tiene comentarios,,Francia,10,En grupo,Habitación Cuádruple Estándar,28/02/2021
2137,Mickael,Muy bien,Esta entrada no tiene comentarios,,Francia,"8,0",En grupo,Habitación Doble - 1 o 2 camas,24/02/2021
2138,Jess,Muy bien,Esta entrada no tiene comentarios,,Francia,"8,0",En pareja,Habitación Doble - 1 o 2 camas,16/02/2021
2139,Yassine,Fantástico,Esta entrada no tiene comentarios,,Francia,"9,0",En grupo,Habitación Cuádruple Estándar,15/02/2021
2140,Chloe,Fantástico,Esta entrada no tiene comentarios,,Francia,"9,0",En pareja,Habitación Doble - 1 o 2 camas,14/02/2021
2141,Jeff,Muy bien,Esta entrada no tiene comentarios,,Francia,"8,0",En pareja,Habitación Doble - 1 o 2 camas,9/02/2021
2142,Marine,Fantástico,Esta entrada no tiene comentarios,,Francia,"9,0",En grupo,Habitación Familiar,7/02/2021
2143,Julie,Excepcional,Esta entrada no tiene comentarios,,Francia,10,En grupo,Habitación Cuádruple Estándar,31/01/2021
2144,Camille,Muy bien,Esta entrada no tiene comentarios,,Francia,"8,0",En grupo,Habitación Cuádruple Estándar,25/01/2021
2145,Alexandre,Excepcional,Esta entrada no tiene comentarios,,Francia,10,En pareja,Habitación Doble - 1 o 2 camas,20/01/2021
2146,Justine,Fantástico,Esta entrada no tiene comentarios,,Francia,"9,0",En pareja,Habitación Doble - 1 o 2 camas,17/01/2021
2147,Julien,Muy bien,Esta entrada no tiene comentarios,,Francia,"8,0",En pareja,Habitación Doble - 1 o 2 camas,11/01/2021
2148,Alexander,Excepcional,Esta entrada no tiene comentarios,,España,10,En familia,Habitación Doble - 1 o 2 camas,11/01/2021
2149,Clara,Muy bien,Esta entrada no tiene comentarios,,Francia,"8,0",En pareja,Habitación Doble - 1 o 2 camas,8/01/2021
2150,Montse,Muy bien,Esta entrada no tiene comentarios,,España,"8,0",En familia,Habitación Cuádruple Estándar,7/01/2021
2151,Stéphanie,Fantástico,Esta entrada no tiene comentarios,,Francia,"9,0",En pareja,Habitación Doble - 1 o 2 camas,3/01/2021
2152,Luis,Muy bien,Esta entrada no tiene comentarios,,España,"8,0",En familia,Habitación Triple,3/01/2021
2153,Severine,Fantástico,Esta entrada no tiene comentarios,,Francia,"9,0",En familia,Habitación Triple,2/01/2021
2154,Le,Fantástico,Esta entrada no tiene comentarios,,Francia,"9,0",En pareja,Habitación Doble - 1 o 2 camas,31/12/2020
2155,Moulay,Muy bien,Esta entrada no tiene comentarios,,Francia,"8,0",En familia,Habitación Familiar,25/12/2020
2156,Marta,Fantástico,Esta entrada no tiene comentarios,,España,"9,0",En familia,Habitación Triple,24/12/2020
2157,Lucas,Fantástico,Esta entrada no tiene comentarios,,Francia,"9,0",En pareja,Habitación Doble - 1 o 2 camas,23/12/2020
2158,Romain,Fantástico,Esta entrada no tiene comentarios,,Francia,"9,0",En pareja,Habitación Individual,22/12/2020
2159,Romain,Fantástico,Esta entrada no tiene comentarios,,Francia,"9,0",En pareja,Habitación Doble - 1 o 2 camas,22/12/2020
2160,Albert,Fantástico,Esta entrada no tiene comentarios,,España,"9,0",Persona que viaja sola,Habitación Individual,22/12/2020
2161,Claire,Muy bien,Esta entrada no tiene comentarios,,Francia,"8,0",En pareja,Habitación Doble - 1 o 2 camas,21/12/2020
2162,Albert,Fantástico,Esta entrada no tiene comentarios,,España,"9,0",Persona que viaja sola,Habitación Individual,28/11/2020
2163,Lluís,Fantástico,Esta entrada no tiene comentarios,,España,"9,0",En pareja,Habitación Doble - 1 o 2 camas,11/11/2020
2164,Guillaume,Muy bien,Esta entrada no tiene comentarios,,Francia,"8,0",En pareja,Habitación Doble - 1 o 2 camas,4/11/2020
2165,Marta,Muy bien,Esta entrada no tiene comentarios,,España,"8,0",En pareja,Habitación Doble - 1 o 2 camas,30/10/2020
2166,Caroline,Muy bien,Esta entrada no tiene comentarios,,Francia,"8,0",En pareja,Habitación Doble - 1 o 2 camas,29/10/2020
2167,Mélanie,Excepcional,Esta entrada no tiene comentarios,,Francia,10,En pareja,Habitación Triple,26/10/2020
2168,Jordi,Hotel molt centric i facil d'arribar-hi.,Esta entrada no tiene comentarios,,España,"8,0",En familia,Habitación Doble - 1 o 2 camas,22/10/2020
2169,Gerard,Muy bien,Esta entrada no tiene comentarios,,España,"8,0",En pareja,Habitación Doble - 1 o 2 camas,19/10/2020
2170,Claudia,Fantástico,Esta entrada no tiene comentarios,,España,"9,0",En familia,Habitación Cuádruple Estándar,16/10/2020
2171,Christine,"Personnel très sympathique à l’écoute, chambre spacieuse et très propre, nous reviendrons.",Esta entrada no tiene comentarios,,Francia,"9,0",En familia,Habitación Doble - 1 o 2 camas,15/10/2020
2172,Chloe,Muy bien,Esta entrada no tiene comentarios,,Francia,"8,0",En familia,Habitación Familiar,10/10/2020
2173,Benjamin,Fantástico,Esta entrada no tiene comentarios,,Francia,"9,0",En pareja,Habitación Doble - 1 o 2 camas,8/10/2020
2174,Jérémy,Muy bien,Esta entrada no tiene comentarios,,Francia,"8,0",En pareja,Habitación Doble - 1 o 2 camas,8/10/2020
2175,Mario,Muy bien,Esta entrada no tiene comentarios,,España,"8,0",En familia,Habitación Familiar,6/10/2020
2176,Nicolas,Excepcional,Esta entrada no tiene comentarios,,Francia,10,En familia,Habitación Familiar,1/10/2020
2177,Rosa,Fantástico,Esta entrada no tiene comentarios,,España,"9,0",En pareja,Habitación Doble - 1 o 2 camas,29/09/2020
2178,Claudia,Fantástico,Esta entrada no tiene comentarios,,España,"9,0",En familia,Habitación Cuádruple Estándar,26/09/2020
2179,Pablo,Muy bien,Esta entrada no tiene comentarios,,España,"8,0",En grupo,Habitación Doble - 1 o 2 camas,26/09/2020
2180,Benoit,Fantástico,Esta entrada no tiene comentarios,,Francia,"9,0",En pareja,Habitación Doble - 1 o 2 camas,22/09/2020
2181,Nicolas,Muy bien,Esta entrada no tiene comentarios,,Francia,"8,0",En pareja,Habitación Doble - 1 o 2 camas,18/09/2020
2182,Marcos,Molt agradaple,Esta entrada no tiene comentarios,,España,"8,0",En pareja,Habitación Doble - 1 o 2 camas,18/09/2020
2183,Ester,Fantástico,Esta entrada no tiene comentarios,,España,"9,0",En pareja,Habitación Doble - 1 o 2 camas,10/09/2020
2184,Marco,Fantástico,Esta entrada no tiene comentarios,,Andorra,"9,0",En grupo,Habitación Familiar,7/09/2020
2185,Antonio,A estat be,Esta entrada no tiene comentarios,,España,"8,0",En familia,Habitación Triple,5/09/2020
2186,Maite,Agradable,Esta entrada no tiene comentarios,,España,"8,0",En familia,Habitación Familiar,2/09/2020
2187,Sònia,Muy bien,Esta entrada no tiene comentarios,,España,"8,0",En familia,Habitación Familiar,31/08/2020
2188,Philippe,Excepcional,Esta entrada no tiene comentarios,,Francia,10,En familia,Habitación Familiar,27/08/2020
2189,Yos,Excepcional,Esta entrada no tiene comentarios,,España,10,Persona que viaja sola,Habitación Doble - 1 o 2 camas,20/08/2020
2190,Jaume,Muy bien,Esta entrada no tiene comentarios,,España,"8,0",En familia,Habitación Familiar,16/08/2020
2191,Eloisa,Excepcional,Esta entrada no tiene comentarios,,España,10,En familia,Habitación Cuádruple Estándar,14/08/2020
2192,Sandrine,Fantástico,Esta entrada no tiene comentarios,,Francia,"9,0",En familia,Habitación Doble - 1 o 2 camas,4/08/2020
2193,Stéphanie,Excepcional,Esta entrada no tiene comentarios,,Francia,10,En familia,Habitación Doble - 1 o 2 camas,3/08/2020
2194,Silvia,Muy bien,Esta entrada no tiene comentarios,,España,"8,0",En familia,Habitación Cuádruple Estándar,30/07/2020
2195,Hugo,Muy bien,Esta entrada no tiene comentarios,,Francia,"8,0",En pareja,Habitación Doble - 1 o 2 camas,30/07/2020
2196,Elisabeth,Fantástico,Esta entrada no tiene comentarios,,España,"9,0",En familia,Habitación Cuádruple Estándar,26/07/2020
2197,Maria,Muy bien,Esta entrada no tiene comentarios,,España,"8,0",En familia,Habitación Cuádruple Estándar,19/07/2020
2198,Nanyang,Aceptable,Esta entrada no tiene comentarios,,España,"5,0",En familia,Habitación Cuádruple Estándar,14/04/2023
2199,Ernest,Bien,Esta entrada no tiene comentarios,,España,"7,0",En familia,Habitación Triple,13/02/2023
2200,Zoritch,Decepcionante,Esta entrada no tiene comentarios,,Francia,"4,0",En familia,Habitación Cuádruple Deluxe,5/02/2023
2201,Sandrine,Bien,Esta entrada no tiene comentarios,,Francia,"7,0",En familia,Habitación Cuádruple Deluxe,15/01/2023
2202,Genís,Bien,Esta entrada no tiene comentarios,,España,"7,0",En pareja,Habitación Doble - 1 o 2 camas,9/01/2023
2203,Vasiliki,Bien,Esta entrada no tiene comentarios,,España,"7,0",En grupo,Habitación Cuádruple Estándar,5/12/2022
2204,João,Aceptable,Esta entrada no tiene comentarios,,Portugal,"5,0",En familia,Habitación Cuádruple Deluxe,2/11/2022
2205,Mélanie,Bien,Esta entrada no tiene comentarios,,Francia,"7,0",En grupo,Habitación Cuádruple Deluxe,24/10/2022
2206,Judit,Agradable,Esta entrada no tiene comentarios,,España,"6,0",En pareja,Habitación Doble - 1 o 2 camas,26/09/2022
2207,Magdalena,Bien,Esta entrada no tiene comentarios,,España,"7,0",En familia,Habitación Cuádruple Estándar,10/09/2022
2208,Vortex15,Bien,Esta entrada no tiene comentarios,,España,"7,0",En familia,Habitación Triple,24/08/2022
2209,Valentí,Bien,Esta entrada no tiene comentarios,,España,"7,0",En familia,Habitación Cuádruple Estándar,15/08/2022
2210,Oliver,Bien,Esta entrada no tiene comentarios,,Suiza,"7,0",En pareja,Habitación Doble Deluxe,14/08/2022
2211,Marta,Decepcionante,Esta entrada no tiene comentarios,,España,"4,0",En familia,Habitación Triple,13/08/2022
2212,Jordi,Agradable,Esta entrada no tiene comentarios,,España,"6,0",En familia,Habitación Cuádruple Estándar,6/08/2022
2213,Håkon,Agradable,Esta entrada no tiene comentarios,,Noruega,"6,0",En grupo,Habitación Cuádruple Estándar,27/07/2022
2214,David,Agradable,Esta entrada no tiene comentarios,,Reunión,"6,0",En familia,Habitación Familiar,17/07/2022
2215,Allouchi,Bien,Esta entrada no tiene comentarios,,Francia,"7,0",En familia,Habitación Familiar,4/07/2022
2216,Toni,Aceptable,Esta entrada no tiene comentarios,,España,"5,0",En familia,Habitación Doble - 1 o 2 camas,2/06/2022
2217,Olivier,Agradable,Esta entrada no tiene comentarios,,Francia,"6,0",En familia,Habitación Cuádruple Deluxe,4/05/2022
2218,Sandrine,Bien,Esta entrada no tiene comentarios,,Francia,"7,0",En familia,Habitación Triple,3/05/2022
2219,Oriol,Aceptable,Esta entrada no tiene comentarios,,España,"5,0",En pareja,Habitación Doble - 1 o 2 camas,1/05/2022
2220,Roser,Bien,Esta entrada no tiene comentarios,,España,"7,0",En familia,Habitación Cuádruple Estándar,23/04/2022
2221,Julia,Bien,Esta entrada no tiene comentarios,,España,"7,0",En pareja,Habitación Doble - 1 o 2 camas,18/04/2022
2222,Gabriel,Bien,Esta entrada no tiene comentarios,,España,"7,0",En familia,Habitación Cuádruple Deluxe,16/04/2022
2223,Redha,Decepcionante,Esta entrada no tiene comentarios,,Francia,"4,0",En pareja,Habitación Doble - 1 o 2 camas,2/04/2022
2224,Ole-jan,Aceptable,Esta entrada no tiene comentarios,,España,"5,0",En pareja,Habitación Doble - 1 o 2 camas,18/03/2022
2225,Sas,Aceptable,Esta entrada no tiene comentarios,,Francia,"5,0",En familia,Habitación Cuádruple Estándar,10/03/2022
2226,Meryllia,Decepcionante,Esta entrada no tiene comentarios,,Francia,"4,0",En familia,Habitación Familiar,6/03/2022
2227,Benjamin,Bien,Esta entrada no tiene comentarios,,Francia,"7,0",En pareja,Habitación Doble Deluxe,31/01/2022
2228,Benbv,Bien,Esta entrada no tiene comentarios,,Francia,"7,0",En grupo,Habitación Familiar,27/01/2022
2229,Mariona,Bien,Esta entrada no tiene comentarios,,España,"7,0",En grupo,Habitación Doble - 1 o 2 camas,20/01/2022
2230,Chiffoleau,Decepcionante,Esta entrada no tiene comentarios,,Francia,"4,0",En grupo,Habitación Doble - 1 o 2 camas,17/01/2022
2231,Cheick,Bien,Esta entrada no tiene comentarios,,Francia,"7,0",En pareja,Habitación Doble - 1 o 2 camas,15/01/2022
2232,Marga,Bien,Esta entrada no tiene comentarios,,España,"7,0",En pareja,Habitación Doble - 1 o 2 camas,30/12/2021
2233,Thierry,Bien,Esta entrada no tiene comentarios,,Francia,"7,0",En familia,Habitación Familiar,27/12/2021
2234,Rosa,Bien,Esta entrada no tiene comentarios,,España,"7,0",En grupo,Habitación Triple,14/12/2021
2235,Petter,Bien,Esta entrada no tiene comentarios,,Noruega,"7,0",Persona que viaja sola,Habitación Doble - 1 o 2 camas,15/11/2021
2236,Roger,Agradable,Esta entrada no tiene comentarios,,España,"6,0",En pareja,Habitación Doble Deluxe,9/11/2021
2237,Ad700,Muy mal,Esta entrada no tiene comentarios,,Andorra,"2,0",En familia,Habitación Doble - 1 o 2 camas,8/11/2021
2238,Gerard,Agradable,Esta entrada no tiene comentarios,,España,"6,0",En pareja,Habitación Doble - 1 o 2 camas,4/11/2021
2239,Mohamed,Bien,Esta entrada no tiene comentarios,,Francia,"7,0",En pareja,Habitación Doble - 1 o 2 camas,1/11/2021
2240,Alexandre,Bien,Esta entrada no tiene comentarios,,Francia,"7,0",En pareja,Habitación Doble - 1 o 2 camas,31/10/2021
2241,Maria,Bien,Esta entrada no tiene comentarios,,España,"7,0",En pareja,Habitación Doble - 1 o 2 camas,26/10/2021
2242,Oliveira,Aceptable,Esta entrada no tiene comentarios,,Francia,"5,0",En familia,Habitación Cuádruple Estándar,24/10/2021
2243,Martí,Bien,Esta entrada no tiene comentarios,,España,"7,0",En pareja,Habitación Doble - 1 o 2 camas,24/10/2021
2244,Elisenda,Aceptable,Esta entrada no tiene comentarios,,España,"5,0",En familia,Habitación Triple,20/10/2021
2245,Marie,29°avec la clim très très bruyant des que les fenêtres sont ouvertes des 5h du matin,Esta entrada no tiene comentarios,,Francia,"3,0",En pareja,Habitación Doble - 1 o 2 camas,27/08/2021
2246,Josep,Bien,Esta entrada no tiene comentarios,,España,"7,0",En familia,Habitación Cuádruple Deluxe,24/08/2021
2247,Jorge,Aceptable,Esta entrada no tiene comentarios,,España,"5,0",En familia,Habitación Doble - 1 o 2 camas,15/08/2021
2248,Nicolé,Bien,Esta entrada no tiene comentarios,,España,"7,0",En pareja,Habitación Doble - 1 o 2 camas,7/08/2021
2249,Marc,Bien,Esta entrada no tiene comentarios,,España,"7,0",Persona que viaja sola,Habitación Doble - 1 o 2 camas,9/07/2021
2250,Eric,Bien,Esta entrada no tiene comentarios,,Francia,"7,0",En pareja,Habitación Doble - 1 o 2 camas,20/03/2021
2251,Nathalie,très bon accueil.,Esta entrada no tiene comentarios,,Francia,"7,0",En familia,Habitación Doble - 1 o 2 camas,18/03/2021
2252,Ekrem,Pésimo,Esta entrada no tiene comentarios,,Francia,"1,0",En grupo,Habitación Doble - 1 o 2 camas,21/02/2021
2253,Magali,Bien,Esta entrada no tiene comentarios,,Francia,"7,0",En pareja,Habitación Doble - 1 o 2 camas,21/02/2021
2254,Othmane,Bien,Esta entrada no tiene comentarios,,Francia,"7,0",En pareja,Habitación Doble - 1 o 2 camas,11/02/2021
2255,David,Bien,Esta entrada no tiene comentarios,,España,"7,0",En familia,Habitación Cuádruple Estándar,3/02/2021
2256,Isabel,Bien,Esta entrada no tiene comentarios,,España,"7,0",En familia,Habitación Cuádruple Estándar,31/01/2021
2257,Christophe,Bien,Esta entrada no tiene comentarios,,Francia,"7,0",En familia,Habitación Doble - 1 o 2 camas,16/01/2021
2258,Emi,Agradable,Esta entrada no tiene comentarios,,España,"6,0",En familia,Habitación Triple,22/11/2020
2259,Précillia,Bien,Esta entrada no tiene comentarios,,Francia,"7,0",En pareja,Habitación Doble - 1 o 2 camas,2/11/2020
2260,Montse,Bien,Esta entrada no tiene comentarios,,España,"7,0",En familia,Habitación Cuádruple Estándar,7/09/2020
2261,Kerlies,Agradable,Esta entrada no tiene comentarios,,Alemania,"6,0",En familia,Habitación Cuádruple Estándar,29/08/2020
2262,Guillem,Aceptable,Esta entrada no tiene comentarios,,España,"5,0",En familia,Habitación Cuádruple Estándar,18/08/2020
2263,Laura,Agradable,Esta entrada no tiene comentarios,,España,"6,0",En pareja,Habitación Doble - 1 o 2 camas,10/08/2020
2264,Mbm_10,Bien,Esta entrada no tiene comentarios,,España,"7,0",En pareja,Habitación Doble - 1 o 2 camas,5/08/2020
2265,William,Agradable,Esta entrada no tiene comentarios,,Francia,"6,0",En pareja,Habitación Doble - 1 o 2 camas,2/08/2020
2266,Xavier,Agradable,Esta entrada no tiene comentarios,,España,"6,0",En pareja,Habitación Doble - 1 o 2 camas,22/07/2020
2267,Alexia,Bien,Esta entrada no tiene comentarios,,Francia,"7,0",En pareja,Habitación Doble - 1 o 2 camas,14/07/2020
2268,Anónimo,Excepcional,Esta entrada no tiene comentarios,,Francia,10,,"1 noche · 

abril de 2023",26/04/2023
2269,Anónimo,Tot super correcta!!!,Esta entrada no tiene comentarios,,España,10,,"1 noche · 

noviembre de 2022",19/11/2022
2270,Anónimo,Muy bien,Esta entrada no tiene comentarios,,Indonesia,"8,0",,"3 noches · 

noviembre de 2022",19/11/2022
2271,Anónimo,Fantástico,Esta entrada no tiene comentarios,,Francia,"9,0",,"1 noche · 

julio de 2022",28/07/2022
2272,Anónimo,Excepcional,Esta entrada no tiene comentarios,,España,10,,"1 noche · 

julio de 2022",8/07/2022
2273,Anónimo,Muy bien,Esta entrada no tiene comentarios,,España,"8,0",,"1 noche · 

junio de 2022",26/06/2022
2274,Anónimo,Excepcional,Esta entrada no tiene comentarios,,España,10,,"1 noche · 

junio de 2022",21/06/2022
2275,Anónimo,Excepcional,Esta entrada no tiene comentarios,,Francia,10,,"2 noches · 

mayo de 2022",15/05/2022
2276,Anónimo,Excepcional,Esta entrada no tiene comentarios,,Rusia,10,,"1 noche · 

enero de 2022",11/01/2022
2277,Anónimo,Muy bien,Esta entrada no tiene comentarios,,Francia,"8,0",,"2 noches · 

octubre de 2021",23/10/2021
2278,Anónimo,Excepcional,Esta entrada no tiene comentarios,,España,10,,"1 noche · 

septiembre de 2021",16/09/2021
2279,Anónimo,Excepcional,Esta entrada no tiene comentarios,,España,10,,"2 noches · 

agosto de 2021",26/08/2021
2280,Anónimo,Fantástico,Esta entrada no tiene comentarios,,España,"9,0",,"1 noche · 

agosto de 2021",16/08/2021
2281,Anónimo,QUALITAT-PREU 🔝,Esta entrada no tiene comentarios,,España,10,,"1 noche · 

agosto de 2021",16/08/2021
2282,Anónimo,Excepcional,Esta entrada no tiene comentarios,,España,10,,"1 noche · 

agosto de 2021",6/08/2021
2283,Anónimo,Excepcional,Esta entrada no tiene comentarios,,España,10,,"2 noches · 

mayo de 2021",17/05/2021
2284,Anónimo,Fantástico,Esta entrada no tiene comentarios,,Francia,"9,0",,"1 noche · 

abril de 2021",4/05/2021
2285,Anónimo,Fantástico,Esta entrada no tiene comentarios,,España,"9,0",,"1 noche · 

abril de 2021",2/04/2021
2286,Anónimo,Muy bien,Esta entrada no tiene comentarios,,Francia,"8,0",,"1 noche · 

marzo de 2021",14/03/2021
2287,Anónimo,Excepcional,Esta entrada no tiene comentarios,,Francia,10,,"1 noche · 

febrero de 2021",21/02/2021
2288,Anónimo,Muy bien,Esta entrada no tiene comentarios,,Francia,"8,0",,"1 noche · 

diciembre de 2020",27/12/2020
2289,Anónimo,Excepcional,Esta entrada no tiene comentarios,,España,10,,"1 noche · 

septiembre de 2020",1/09/2020
2290,Anónimo,Muy bien,Esta entrada no tiene comentarios,,España,"8,0",,"2 noches · 

agosto de 2020",21/08/2020
2291,Anónimo,Excepcional,Esta entrada no tiene comentarios,,Francia,10,,"1 noche · 

agosto de 2020",17/08/2020
2292,Anónimo,Fantástico,Esta entrada no tiene comentarios,,España,"9,0",,"3 noches · 

agosto de 2020",11/08/2020
2293,Anónimo,Fantástico,Esta entrada no tiene comentarios,,Francia,"9,0",,"1 noche · 

agosto de 2020",7/08/2020
2294,Anónimo,Bien,Esta entrada no tiene comentarios,,España,"7,0",,"3 noches · 

enero de 2023",6/01/2023
2295,Anónimo,Aceptable,Esta entrada no tiene comentarios,,Francia,"5,0",,"1 noche · 

octubre de 2021",30/11/2021
2296,Anónimo,Agradable,Esta entrada no tiene comentarios,,Francia,"6,0",,"1 noche · 

enero de 2021",10/01/2021
2297,Anónimo,Bien,Esta entrada no tiene comentarios,,Francia,"7,0",,"1 noche · 

enero de 2021",2/01/2021
2298,Anónimo,Pésimo,Esta entrada no tiene comentarios,,Francia,"1,0",,"1 noche · 

octubre de 2020",29/10/2020
